0 2883
1 1980
2 1878
3 2772
4 1858
5 1073
6 4041
7 1090
8 1954
9 1407
10 4766
11 1215
12 2868
13 3406
14 2979
15 1778
16 2279
17 2636
18 2165
19 3210
20 3398
21 2554
22 2809
23 3208
24 1331
25 3985
26 3077
27 1360
28 184
29 3955
30 3712
31 2773
32 4363
33 1996
34 1425
35 4438
36 2000
37 3235
38 3539
39 3043
40 4528
41 1214
42 1389
43 3594
44 4304
45 4443
46 3606
47 1204
48 4241
49 4846
50 852
51 4400
52 4416
53 4762
54 1760
55 1227
56 347
57 3651
58 893
59 3594
60 4121
61 1587
62 2975
63 1375
64 4076
65 4284
66 2983
67 4680
68 3841
69 4670
70 4568
71 457
72 1997
73 648
74 4106
75 486
76 4407
77 3657
78 511
79 3520
80 3945
81 1314
82 1501
83 4135
84 34
85 1269
86 2944
87 3257
88 3942
89 1702
90 2407
91 1551
92 278
93 3920
94 3869
95 4512
96 3918
97 4761
98 1817
99 3673
100 2749
101 1300
102 1453
103 896
104 4644
105 705
106 2336
107 4302
108 2953
109 4299
110 3733
111 3369
112 696
113 1504
114 964
115 270
116 3174
117 3283
118 4751
119 3721
120 2126
121 1466
122 1351
123 2882
124 4858
125 3964
126 3907
127 4065
128 1364
129 1257
130 171
131 2943
132 901
133 4735
134 3840
135 1592
136 1494
137 339
138 1646
139 2068
140 1423
141 222
142 827
143 427
144 1633
145 4608
146 4072
147 261
148 2441
149 3175
150 3808
151 114
152 3716
153 2392
154 1740
155 4110
156 3890
157 4898
158 534
159 4530
160 2836
161 1516
162 727
163 4856
164 1017
165 722
166 2177
167 2351
168 3939
169 4535
170 562
171 591
172 1815
173 3551
174 547
175 2507
176 1682
177 879
178 2131
179 1654
180 3500
181 2965
182 2602
183 4421
184 2986
185 2726
186 1356
187 2259
188 2874
189 3826
190 2882
191 4025
192 2368
193 1136
194 1584
195 4348
196 1768
197 3766
198 339
199 3179
200 983
201 1649
202 3382
203 2968
204 4238
205 3621
206 2860
207 2744
208 4397
209 2276
210 3070
211 4529
212 2004
213 156
214 230
215 404
216 4548
217 1602
218 2670
219 2082
220 3716
221 1599
222 731
223 4399
224 3058
225 356
226 3390
227 2160
228 1476
229 932
230 3208
231 4426
232 3414
233 238
234 2697
235 2017
236 3527
237 3566
238 4076
239 4814
240 3697
241 4760
242 1600
243 2754
244 4885
245 2127
246 4791
247 4872
248 2204
249 4326
250 1737
251 2680
252 3513
253 2876
254 4178
255 1768
256 3725
257 1124
258 3061
259 1651
260 2490
261 4214
262 4547
263 380
264 2883
265 1431
266 2226
267 1873
268 3850
269 884
270 4139
271 1450
272 4799
273 1341
274 3818
275 370
276 2346
277 69
278 2354
279 3108
280 4694
281 3797
282 4242
283 1341
284 3051
285 2677
286 2915
287 3657
288 3347
289 1726
290 1327
291 880
292 3320
293 3036
294 1054
295 4063
296 1100
297 1708
298 103
299 2444
300 1216
301 2716
302 2680
303 3087
304 1062
305 1727
306 2614
307 3841
308 270
309 728
310 3732
311 3667
312 1771
313 1004
314 1983
315 4426
316 2265
317 3458
318 1472
319 71
320 4125
321 4331
322 4099
323 4591
324 2621
325 518
326 1260
327 2295
328 4452
329 2886
330 1321
331 57
332 3771
333 367
334 4849
335 2986
336 3277
337 193
338 2899
339 2653
340 3003
341 1413
342 2357
343 3511
344 1131
345 4834
346 2033
347 4552
348 2907
349 94
350 1114
351 4034
352 3137
353 1959
354 4481
355 3817
356 84
357 3229
358 4104
359 621
360 1938
361 2343
362 2721
363 4044
364 1390
365 1459
366 1439
367 3650
368 2566
369 3215
370 809
371 2478
372 2499
373 685
374 2613
375 4354
376 3085
377 1382
378 2241
379 2429
380 3528
381 978
382 1901
383 2785
384 2703
385 4666
386 2347
387 1630
388 720
389 4332
390 980
391 4461
392 3907
393 1300
394 843
395 1585
396 1255
397 3062
398 786
399 3864
400 4388
401 1354
402 1627
403 415
404 4835
405 557
406 4508
407 3244
408 4373
409 4415
410 3857
411 5
412 1844
413 612
414 2717
415 396
416 364
417 2328
418 108
419 4102
420 2919
421 4108
422 2817
423 4576
424 3450
425 4544
426 1630
427 686
428 902
429 2839
430 1410
431 888
432 1234
433 2742
434 1593
435 4512
436 1437
437 2306
438 2309
439 3036
440 1217
441 3443
442 2691
443 544
444 3783
445 2523
446 2514
447 3284
448 4703
449 3875
450 728
451 1506
452 292
453 1343
454 2971
455 2022
456 3315
457 4636
458 4411
459 3287
460 3641
461 2591
462 73
463 2300
464 4282
465 4360
466 4133
467 4058
468 4490
469 1337
470 3680
471 3895
472 4554
473 721
474 804
475 3427
476 3156
477 2770
478 834
479 4539
480 2815
481 2827
482 2509
483 734
484 2286
485 2466
486 19
487 1891
488 262
489 3674
490 1098
491 4556
492 362
493 893
494 2910
495 3097
496 1373
497 1288
498 3557
499 41
500 3935
501 1631
502 2288
503 4450
504 1798
505 3120
506 2271
507 1805
508 4243
509 1591
510 1729
511 4637
512 2833
513 2028
514 2649
515 239
516 996
517 4779
518 3852
519 1677
520 503
521 1166
522 4508
523 1143
524 2862
525 3365
526 875
527 3250
528 1322
529 1164
530 139
531 2819
532 3817
533 3422
534 662
535 3001
536 2951
537 2422
538 3520
539 1999
540 3459
541 1364
542 4546
543 692
544 1392
545 3755
546 1607
547 1188
548 1121
549 94
550 40
551 173
552 1945
553 2777
554 2869
555 1020
556 2319
557 4898
558 120
559 1530
560 2448
561 490
562 2256
563 4069
564 4892
565 3092
566 1553
567 372
568 1401
569 3206
570 459
571 4298
572 35
573 2534
574 2814
575 1060
576 4902
577 616
578 989
579 3100
580 1521
581 960
582 4299
583 3255
584 4838
585 2623
586 1450
587 3952
588 3690
589 2378
590 4210
591 1678
592 4289
593 4254
594 2434
595 424
596 382
597 998
598 2678
599 82
600 112
601 78
602 3006
603 499
604 2049
605 928
606 1969
607 3887
608 2655
609 3639
610 964
611 335
612 71
613 882
614 1092
615 3563
616 739
617 785
618 4123
619 391
620 3079
621 4799
622 726
623 3491
624 726
625 4731
626 3899
627 86
628 3626
629 2567
630 3210
631 622
632 3993
633 574
634 3460
635 4491
636 3283
637 2445
638 1825
639 299
640 1568
641 187
642 2007
643 3996
644 4440
645 1577
646 183
647 4773
648 1589
649 4622
650 3975
651 1292
652 1559
653 1482
654 1345
655 519
656 151
657 629
658 3604
659 3417
660 2091
661 1361
662 3523
663 14
664 4583
665 2787
666 1699
667 4912
668 172
669 1551
670 659
671 1518
672 1548
673 2702
674 1185
675 254
676 4467
677 3995
678 4463
679 3347
680 4810
681 3734
682 4877
683 360
684 111
685 1664
686 4321
687 4466
688 1037
689 1542
690 2276
691 4143
692 3461
693 769
694 4436
695 544
696 864
697 3775
698 2319
699 2885
700 148
701 824
702 3002
703 1603
704 1750
705 1980
706 2183
707 1187
708 130
709 4008
710 445
711 20
712 2332
713 2011
714 4688
715 2406
716 2913
717 3023
718 336
719 3082
720 4835
721 1075
722 2745
723 3102
724 3485
725 3667
726 1182
727 2361
728 3914
729 2661
730 3426
731 774
732 2532
733 1612
734 54
735 3137
736 3247
737 1913
738 4732
739 2769
740 999
741 2591
742 3756
743 1524
744 2607
745 1735
746 3787
747 1629
748 537
749 3596
750 1039
751 1972
752 175
753 1993
754 3805
755 2063
756 928
757 143
758 2926
759 2023
760 4745
761 4551
762 1531
763 4914
764 328
765 3532
766 3677
767 1359
768 2286
769 1425
770 3009
771 3344
772 4253
773 3761
774 2213
775 4290
776 1315
777 702
778 1041
779 994
780 4300
781 3993
782 4768
783 2946
784 4226
785 663
786 4707
787 4550
788 700
789 966
790 1041
791 2009
792 2853
793 2457
794 4194
795 1378
796 915
797 2654
798 1884
799 1498
800 1525
801 4817
802 2074
803 26
804 2202
805 1926
806 3200
807 3528
808 3253
809 3681
810 972
811 2727
812 3383
813 173
814 3765
815 3455
816 2567
817 63
818 1015
819 2528
820 1041
821 3184
822 1606
823 886
824 772
825 1434
826 4327
827 3301
828 1530
829 1879
830 4872
831 2319
832 4506
833 932
834 1201
835 738
836 2649
837 4081
838 1222
839 901
840 1707
841 2670
842 3831
843 3556
844 2718
845 3151
846 131
847 3249
848 834
849 3911
850 2770
851 1439
852 866
853 3493
854 802
855 3268
856 4304
857 612
858 53
859 2816
860 75
861 4427
862 207
863 2206
864 44
865 2425
866 1326
867 4359
868 312
869 3246
870 2015
871 4795
872 2819
873 1246
874 4727
875 2516
876 807
877 4843
878 738
879 4089
880 125
881 2551
882 4415
883 1787
884 3552
885 1270
886 4691
887 4830
888 4327
889 874
890 3764
891 1328
892 3182
893 3365
894 2892
895 2846
896 1534
897 997
898 842
899 930
900 1113
901 1673
902 1453
903 3664
904 902
905 3693
906 629
907 3154
908 1365
909 3234
910 654
911 1783
912 1694
913 47
914 4544
915 276
916 2787
917 3579
918 3856
919 694
920 645
921 2995
922 376
923 601
924 1590
925 2788
926 1230
927 3016
928 569
929 2926
930 1587
931 3879
932 1182
933 2459
934 4227
935 890
936 3000
937 2336
938 3791
939 495
940 288
941 3452
942 2066
943 3762
944 2657
945 3953
946 2789
947 1758
948 3753
949 869
950 1714
951 2918
952 3391
953 3125
954 2472
955 4863
956 3512
957 4642
958 4873
959 1988
960 3148
961 2947
962 568
963 1313
964 3434
965 4372
966 3494
967 4096
968 4336
969 2479
970 4743
971 1543
972 4527
973 2570
974 289
975 1479
976 1161
977 2137
978 73
979 1061
980 509
981 2462
982 2021
983 1622
984 2856
985 3523
986 2967
987 3091
988 1750
989 2264
990 2128
991 1655
992 2546
993 1312
994 3233
995 181
996 3237
997 2798
998 3610
999 3737
1000 1566
1001 4206
1002 3927
1003 1887
1004 3560
1005 1780
1006 237
1007 3769
1008 4712
1009 1012
1010 1462
1011 4147
1012 1775
1013 4909
1014 231
1015 1058
1016 4245
1017 195
1018 3299
1019 2524
1020 2953
1021 1780
1022 4286
1023 1364
1024 638
1025 2106
1026 393
1027 4488
1028 3895
1029 3207
1030 1766
1031 4438
1032 1702
1033 1452
1034 637
1035 4175
1036 4804
1037 2871
1038 681
1039 3986
1040 2577
1041 1927
1042 4349
1043 160
1044 3441
1045 3156
1046 2128
1047 1019
1048 2818
1049 2431
1050 1843
1051 3916
1052 4275
1053 3446
1054 1259
1055 1904
1056 3809
1057 1408
1058 1823
1059 3530
1060 3351
1061 1601
1062 75
1063 2207
1064 1675
1065 4254
1066 997
1067 3983
1068 4751
1069 602
1070 9
1071 673
1072 2530
1073 2980
1074 1500
1075 1940
1076 4236
1077 2510
1078 921
1079 3708
1080 3773
1081 1609
1082 4120
1083 2897
1084 1733
1085 4122
1086 2104
1087 667
1088 2793
1089 1556
1090 1439
1091 2485
1092 675
1093 4318
1094 1324
1095 2720
1096 4601
1097 555
1098 408
1099 3246
1100 108
1101 1453
1102 1433
1103 1750
1104 686
1105 1128
1106 1588
1107 3132
1108 2857
1109 4214
1110 2034
1111 2449
1112 3114
1113 799
1114 4897
1115 1774
1116 4780
1117 1483
1118 3213
1119 884
1120 883
1121 4540
1122 158
1123 2576
1124 1665
1125 2295
1126 4427
1127 1342
1128 4486
1129 4311
1130 1578
1131 3016
1132 3123
1133 3392
1134 499
1135 1036
1136 3844
1137 2164
1138 2067
1139 4207
1140 1700
1141 3262
1142 1555
1143 1370
1144 3801
1145 3937
1146 2121
1147 497
1148 88
1149 3791
1150 3485
1151 4158
1152 2550
1153 1897
1154 1967
1155 982
1156 4322
1157 2779
1158 3867
1159 3957
1160 277
1161 909
1162 226
1163 696
1164 3423
1165 3949
1166 1489
1167 3761
1168 1217
1169 82
1170 4078
1171 2668
1172 1386
1173 413
1174 2604
1175 216
1176 2491
1177 1428
1178 2935
1179 1150
1180 1739
1181 3484
1182 1157
1183 4159
1184 3805
1185 595
1186 3078
1187 4684
1188 1085
1189 1523
1190 1470
1191 1580
1192 3239
1193 4817
1194 2043
1195 1527
1196 4672
1197 973
1198 2741
1199 4152
1200 4450
1201 4053
1202 1170
1203 3522
1204 2901
1205 2784
1206 789
1207 1060
1208 2382
1209 4825
1210 846
1211 1193
1212 1351
1213 4603
1214 4812
1215 688
1216 4396
1217 967
1218 3434
1219 3855
1220 348
1221 535
1222 2676
1223 1418
1224 1212
1225 913
1226 1263
1227 4863
1228 94
1229 2292
1230 1676
1231 2649
1232 1439
1233 3272
1234 908
1235 3244
1236 302
1237 287
1238 639
1239 4788
1240 979
1241 4187
1242 1813
1243 3414
1244 3407
1245 257
1246 2783
1247 1581
1248 3441
1249 120
1250 3058
1251 3619
1252 1514
1253 4251
1254 3349
1255 1796
1256 3010
1257 1153
1258 1568
1259 3534
1260 2685
1261 2899
1262 4105
1263 1081
1264 3271
1265 3178
1266 3925
1267 4027
1268 4867
1269 4281
1270 1716
1271 1892
1272 4343
1273 3488
1274 3916
1275 321
1276 1207
1277 1198
1278 931
1279 2545
1280 230
1281 2973
1282 2792
1283 655
1284 3793
1285 2240
1286 2441
1287 1823
1288 1438
1289 669
1290 3436
1291 1435
1292 828
1293 3352
1294 3884
1295 4202
1296 3501
1297 1454
1298 3696
1299 1356
1300 3436
1301 3741
1302 4832
1303 1627
1304 3583
1305 1762
1306 1648
1307 455
1308 3637
1309 3168
1310 4859
1311 2732
1312 1777
1313 4903
1314 1244
1315 908
1316 2174
1317 2879
1318 4360
1319 971
1320 2175
1321 3925
1322 4100
1323 4333
1324 4835
1325 939
1326 1708
1327 3520
1328 3401
1329 2748
1330 2470
1331 1753
1332 3453
1333 4844
1334 1072
1335 1235
1336 1584
1337 3225
1338 3737
1339 3167
1340 3590
1341 3663
1342 3623
1343 75
1344 785
1345 3006
1346 2635
1347 2201
1348 617
1349 736
1350 3678
1351 1493
1352 2227
1353 2912
1354 2377
1355 1878
1356 3692
1357 4669
1358 680
1359 1722
1360 2958
1361 1666
1362 1917
1363 535
1364 2608
1365 3893
1366 2050
1367 2552
1368 3786
1369 4442
1370 3941
1371 4361
1372 693
1373 3956
1374 1299
1375 1784
1376 3393
1377 1483
1378 2988
1379 706
1380 4680
1381 2139
1382 4744
1383 2442
1384 1204
1385 303
1386 373
1387 1607
1388 23
1389 610
1390 3537
1391 2601
1392 3014
1393 4289
1394 748
1395 4523
1396 3657
1397 1137
1398 3020
1399 3793
1400 3962
1401 301
1402 4526
1403 1943
1404 2472
1405 740
1406 4432
1407 3118
1408 315
1409 4229
1410 866
1411 4045
1412 2474
1413 2480
1414 3918
1415 1074
1416 1071
1417 84
1418 944
1419 2646
1420 3053
1421 2255
1422 1534
1423 2858
1424 2721
1425 2824
1426 4008
1427 3928
1428 899
1429 1832
1430 1345
1431 4609
1432 1788
1433 354
1434 3555
1435 4123
1436 2176
1437 631
1438 1310
1439 2870
1440 2527
1441 1950
1442 539
1443 1097
1444 1138
1445 3625
1446 203
1447 2846
1448 3579
1449 822
1450 4581
1451 1104
1452 1724
1453 392
1454 4133
1455 2634
1456 1820
1457 540
1458 1127
1459 3881
1460 401
1461 4154
1462 2451
1463 319
1464 2818
1465 1071
1466 625
1467 1046
1468 4664
1469 3968
1470 371
1471 2564
1472 4349
1473 3424
1474 1564
1475 332
1476 4000
1477 1882
1478 2619
1479 4073
1480 4913
1481 2297
1482 4263
1483 4328
1484 1837
1485 4335
1486 3004
1487 4687
1488 2050
1489 2797
1490 1702
1491 3128
1492 1822
1493 1972
1494 1227
1495 2870
1496 2708
1497 4893
1498 4221
1499 4037
1500 2343
1501 342
1502 3498
1503 4186
1504 567
1505 1471
1506 52
1507 3099
1508 872
1509 1317
1510 663
1511 1897
1512 4673
1513 2901
1514 335
1515 685
1516 2138
1517 3985
1518 2155
1519 1559
1520 336
1521 2499
1522 293
1523 2773
1524 3810
1525 4277
1526 915
1527 4124
1528 2279
1529 4819
1530 4420
1531 3280
1532 3241
1533 1805
1534 4464
1535 2374
1536 4402
1537 2314
1538 3704
1539 1298
1540 3075
1541 385
1542 4235
1543 662
1544 2982
1545 4398
1546 4596
1547 4894
1548 3705
1549 1688
1550 1603
1551 4201
1552 1566
1553 2602
1554 2504
1555 3299
1556 313
1557 1848
1558 2338
1559 3869
1560 3545
1561 263
1562 4729
1563 2629
1564 1858
1565 2568
1566 3157
1567 183
1568 578
1569 2076
1570 3134
1571 4322
1572 2612
1573 2345
1574 4767
1575 4553
1576 46
1577 4406
1578 2458
1579 3486
1580 394
1581 597
1582 658
1583 577
1584 608
1585 1324
1586 4032
1587 4019
1588 2914
1589 180
1590 1706
1591 1840
1592 3036
1593 223
1594 2083
1595 3353
1596 4798
1597 535
1598 3496
1599 2447
1600 3930
1601 1414
1602 1585
1603 3651
1604 2348
1605 4345
1606 4507
1607 1111
1608 1370
1609 414
1610 3957
1611 50
1612 3304
1613 385
1614 464
1615 1233
1616 1260
1617 1076
1618 3932
1619 181
1620 1991
1621 4688
1622 4588
1623 764
1624 3484
1625 2089
1626 4903
1627 4200
1628 3645
1629 1376
1630 2865
1631 581
1632 4249
1633 2901
1634 3028
1635 3633
1636 3987
1637 2718
1638 2473
1639 447
1640 2799
1641 2540
1642 3561
1643 357
1644 175
1645 484
1646 1415
1647 4843
1648 3054
1649 1513
1650 4536
1651 1952
1652 4102
1653 554
1654 3408
1655 2939
1656 446
1657 4572
1658 3328
1659 2918
1660 1142
1661 4907
1662 1248
1663 4827
1664 1083
1665 2013
1666 1332
1667 4726
1668 2839
1669 3526
1670 1740
1671 433
1672 2944
1673 4890
1674 3501
1675 4879
1676 1097
1677 1376
1678 3851
1679 4687
1680 2951
1681 4759
1682 321
1683 3893
1684 4362
1685 4725
1686 3519
1687 4104
1688 976
1689 1137
1690 4658
1691 1407
1692 692
1693 1121
1694 190
1695 3317
1696 786
1697 484
1698 3223
1699 4658
1700 4043
1701 4622
1702 1370
1703 3762
1704 4864
1705 13
1706 3548
1707 2246
1708 293
1709 4641
1710 2208
1711 3470
1712 212
1713 4339
1714 1482
1715 154
1716 4095
1717 3356
1718 465
1719 1666
1720 3104
1721 4750
1722 2366
1723 267
1724 4227
1725 701
1726 3235
1727 3302
1728 932
1729 1627
1730 1799
1731 4324
1732 3209
1733 1058
1734 3322
1735 2772
1736 1720
1737 2382
1738 4678
1739 2597
1740 1735
1741 3398
1742 4119
1743 4305
1744 165
1745 2393
1746 2427
1747 2200
1748 1340
1749 3464
1750 2166
1751 4295
1752 1806
1753 4492
1754 889
1755 939
1756 1929
1757 4304
1758 1158
1759 424
1760 3341
1761 1022
1762 3878
1763 74
1764 4312
1765 2033
1766 713
1767 1031
1768 2913
1769 1979
1770 2787
1771 4207
1772 2365
1773 911
1774 1476
1775 2357
1776 3817
1777 4336
1778 791
1779 4681
1780 2199
1781 1940
1782 194
1783 174
1784 4155
1785 2085
1786 2029
1787 323
1788 377
1789 542
1790 3906
1791 3051
1792 3659
1793 1102
1794 3614
1795 135
1796 781
1797 2094
1798 3793
1799 3759
1800 4454
1801 154
1802 3135
1803 3533
1804 4554
1805 2379
1806 3881
1807 1276
1808 4572
1809 4234
1810 422
1811 3166
1812 1558
1813 1190
1814 2687
1815 154
1816 1055
1817 1753
1818 4363
1819 1763
1820 2082
1821 2514
1822 4130
1823 4643
1824 2347
1825 2642
1826 100
1827 2382
1828 1089
1829 3943
1830 1033
1831 2376
1832 3645
1833 4286
1834 4327
1835 2089
1836 1206
1837 1973
1838 2281
1839 3627
1840 510
1841 4888
1842 2031
1843 1828
1844 3208
1845 840
1846 1877
1847 2091
1848 819
1849 1852
1850 3692
1851 3133
1852 2350
1853 2511
1854 85
1855 1838
1856 4381
1857 3923
1858 3922
1859 4215
1860 3747
1861 4175
1862 3495
1863 4246
1864 1461
1865 3695
1866 3143
1867 724
1868 4562
1869 2914
1870 4855
1871 4888
1872 4349
1873 3234
1874 1341
1875 4093
1876 4900
1877 3218
1878 815
1879 4772
1880 3916
1881 3447
1882 4322
1883 809
1884 2098
1885 99
1886 1078
1887 2254
1888 891
1889 3504
1890 1233
1891 3684
1892 4667
1893 4091
1894 663
1895 1188
1896 2538
1897 1304
1898 1786
1899 4052
1900 2664
1901 853
1902 1039
1903 2747
1904 1734
1905 3595
1906 4759
1907 3190
1908 4048
1909 1900
1910 2366
1911 3419
1912 4338
1913 2948
1914 830
1915 544
1916 3021
1917 1537
1918 2178
1919 1763
1920 3378
1921 168
1922 4680
1923 1424
1924 3046
1925 2637
1926 3108
1927 1558
1928 2959
1929 2548
1930 2675
1931 4623
1932 678
1933 1076
1934 1375
1935 1344
1936 498
1937 1711
1938 2691
1939 530
1940 2584
1941 2794
1942 3341
1943 2192
1944 1837
1945 2093
1946 4046
1947 1801
1948 326
1949 4037
1950 3183
1951 2524
1952 342
1953 202
1954 4836
1955 4148
1956 4106
1957 2889
1958 3553
1959 2265
1960 1850
1961 3867
1962 289
1963 2797
1964 754
1965 3656
1966 4230
1967 1626
1968 1296
1969 2423
1970 1670
1971 747
1972 2917
1973 1289
1974 3606
1975 1614
1976 1570
1977 3172
1978 2209
1979 302
1980 229
1981 3013
1982 4853
1983 487
1984 3135
1985 1460
1986 4809
1987 1112
1988 2052
1989 2308
1990 2702
1991 718
1992 4909
1993 185
1994 436
1995 1851
1996 4096
1997 3861
1998 3356
1999 4441
2000 3750
2001 2095
2002 1005
2003 2222
2004 4033
2005 4584
2006 1274
2007 4468
2008 4658
2009 4174
2010 4156
2011 1141
2012 4237
2013 96
2014 590
2015 1066
2016 443
2017 2729
2018 686
2019 3846
2020 1245
2021 1838
2022 361
2023 1003
2024 3903
2025 1268
2026 3395
2027 1920
2028 3076
2029 4646
2030 3733
2031 2702
2032 2697
2033 1237
2034 4116
2035 986
2036 1578
2037 298
2038 1384
2039 158
2040 551
2041 4271
2042 1192
2043 1521
2044 3679
2045 3222
2046 1723
2047 2220
2048 2508
2049 2662
2050 1006
2051 3690
2052 3419
2053 1214
2054 3928
2055 2847
2056 1060
2057 2609
2058 3878
2059 622
2060 1762
2061 4035
2062 994
2063 4333
2064 2493
2065 483
2066 1264
2067 1030
2068 3309
2069 4270
2070 2012
2071 3506
2072 1565
2073 2056
2074 3114
2075 4611
2076 4886
2077 4802
2078 2563
2079 3117
2080 3952
2081 319
2082 1733
2083 3991
2084 4254
2085 3105
2086 685
2087 2449
2088 4764
2089 972
2090 1873
2091 4265
2092 3385
2093 1647
2094 385
2095 1998
2096 1840
2097 4908
2098 54
2099 389
2100 1689
2101 1712
2102 1143
2103 153
2104 3519
2105 160
2106 3142
2107 3575
2108 4855
2109 2514
2110 3636
2111 1141
2112 1510
2113 237
2114 2787
2115 4456
2116 3871
2117 2047
2118 1499
2119 2562
2120 3626
2121 4214
2122 3545
2123 4374
2124 421
2125 1222
2126 1782
2127 4907
2128 2941
2129 381
2130 3675
2131 4735
2132 183
2133 995
2134 4510
2135 3046
2136 51
2137 1916
2138 4467
2139 4850
2140 1204
2141 1867
2142 698
2143 1660
2144 4629
2145 581
2146 1382
2147 147
2148 2460
2149 1551
2150 4610
2151 3635
2152 4139
2153 1197
2154 4277
2155 3539
2156 3244
2157 1412
2158 776
2159 1555
2160 2795
2161 4807
2162 1248
2163 3577
2164 3875
2165 1386
2166 4616
2167 3781
2168 3163
2169 1404
2170 1685
2171 1918
2172 796
2173 4041
2174 4193
2175 4495
2176 1778
2177 3422
2178 3859
2179 2474
2180 4538
2181 4101
2182 4345
2183 2553
2184 3093
2185 1400
2186 3809
2187 2548
2188 184
2189 3514
2190 2571
2191 4598
2192 2891
2193 1784
2194 4440
2195 1565
2196 566
2197 1775
2198 2770
2199 2234
2200 1604
2201 1385
2202 122
2203 3978
2204 2817
2205 3118
2206 2079
2207 3808
2208 2453
2209 2847
2210 3682
2211 2935
2212 4377
2213 1436
2214 653
2215 3090
2216 3044
2217 4611
2218 4646
2219 2860
2220 2735
2221 6
2222 2204
2223 1718
2224 3458
2225 220
2226 4741
2227 701
2228 4558
2229 849
2230 2175
2231 2707
2232 4435
2233 1151
2234 907
2235 4300
2236 2720
2237 78
2238 2888
2239 393
2240 3478
2241 784
2242 4486
2243 2848
2244 4726
2245 3274
2246 1348
2247 4200
2248 1276
2249 4394
2250 1231
2251 358
2252 4303
2253 649
2254 4807
2255 111
2256 4420
2257 2355
2258 1205
2259 95
2260 643
2261 2541
2262 3965
2263 2584
2264 1274
2265 3415
2266 1585
2267 2672
2268 1051
2269 4068
2270 3647
2271 1270
2272 2399
2273 3412
2274 1318
2275 2482
2276 1909
2277 1730
2278 114
2279 22
2280 952
2281 2303
2282 3474
2283 2371
2284 1191
2285 3300
2286 1277
2287 420
2288 2609
2289 3318
2290 2708
2291 3369
2292 2066
2293 4596
2294 898
2295 4732
2296 3440
2297 2904
2298 2689
2299 3800
2300 3142
2301 4560
2302 2126
2303 1649
2304 4181
2305 1760
2306 2415
2307 2793
2308 3065
2309 704
2310 3690
2311 2213
2312 4519
2313 820
2314 4486
2315 2680
2316 1628
2317 3650
2318 2722
2319 2824
2320 3672
2321 1093
2322 4856
2323 3863
2324 2485
2325 3748
2326 219
2327 2672
2328 1156
2329 1102
2330 3399
2331 470
2332 2942
2333 4682
2334 1140
2335 3165
2336 4753
2337 1175
2338 1563
2339 1462
2340 3189
2341 1663
2342 1723
2343 4442
2344 4690
2345 4363
2346 3034
2347 4430
2348 3851
2349 300
2350 4885
2351 3714
2352 2754
2353 115
2354 1640
2355 500
2356 4761
2357 390
2358 977
2359 2015
2360 4027
2361 3758
2362 1901
2363 1170
2364 2208
2365 1521
2366 1913
2367 1408
2368 3190
2369 1052
2370 4885
2371 1770
2372 1370
2373 3532
2374 1549
2375 1948
2376 3836
2377 1029
2378 1992
2379 2433
2380 836
2381 687
2382 2638
2383 3973
2384 2240
2385 645
2386 998
2387 68
2388 1554
2389 2784
2390 3458
2391 3901
2392 3089
2393 779
2394 4345
2395 2283
2396 3419
2397 2330
2398 4504
2399 1687
2400 2979
2401 1325
2402 571
2403 4408
2404 3628
2405 1388
2406 796
2407 615
2408 825
2409 1941
2410 188
2411 916
2412 4001
2413 1137
2414 4537
2415 4399
2416 3116
2417 2595
2418 3456
2419 1415
2420 4085
2421 2539
2422 3909
2423 1354
2424 2982
2425 4401
2426 3977
2427 914
2428 3695
2429 4765
2430 130
2431 783
2432 882
2433 4562
2434 415
2435 1335
2436 843
2437 1120
2438 1317
2439 2289
2440 648
2441 4099
2442 13
2443 3490
2444 3038
2445 1811
2446 1160
2447 3713
2448 976
2449 494
2450 4633
2451 4081
2452 4550
2453 926
2454 2633
2455 1359
2456 1921
2457 1396
2458 34
2459 3531
2460 354
2461 3408
2462 1363
2463 1333
2464 4207
2465 2867
2466 2870
2467 4633
2468 2384
2469 3823
2470 4068
2471 2332
2472 1211
2473 966
2474 1802
2475 3924
2476 1521
2477 39
2478 336
2479 2369
2480 773
2481 512
2482 3153
2483 511
2484 2674
2485 228
2486 1695
2487 1236
2488 4485
2489 4023
2490 1000
2491 4689
2492 1235
2493 430
2494 2109
2495 2314
2496 4056
2497 3392
2498 2160
2499 2381
2500 612
2501 4193
2502 4084
2503 2563
2504 3578
2505 914
2506 4510
2507 4568
2508 1154
2509 639
2510 2456
2511 2556
2512 1170
2513 4182
2514 2395
2515 3674
2516 1632
2517 2899
2518 1572
2519 1985
2520 219
2521 4577
2522 2611
2523 970
2524 1305
2525 2449
2526 174
2527 4123
2528 2238
2529 209
2530 1962
2531 1761
2532 1039
2533 126
2534 681
2535 4073
2536 1275
2537 670
2538 3047
2539 4728
2540 614
2541 612
2542 1298
2543 2044
2544 4142
2545 1949
2546 2660
2547 4439
2548 3198
2549 1492
2550 4866
2551 3688
2552 3360
2553 3081
2554 1715
2555 533
2556 4201
2557 4903
2558 2836
2559 3739
2560 3461
2561 1294
2562 2128
2563 1750
2564 4059
2565 4609
2566 381
2567 392
2568 410
2569 439
2570 955
2571 2751
2572 748
2573 4436
2574 758
2575 2092
2576 4537
2577 2816
2578 4751
2579 189
2580 2134
2581 806
2582 2178
2583 3721
2584 4594
2585 1483
2586 1715
2587 4683
2588 4016
2589 4216
2590 2362
2591 869
2592 433
2593 2341
2594 2610
2595 2717
2596 632
2597 77
2598 3321
2599 940
2600 1451
2601 1438
2602 4171
2603 2849
2604 3139
2605 3799
2606 3338
2607 2344
2608 1899
2609 875
2610 4174
2611 1434
2612 278
2613 2561
2614 4132
2615 4543
2616 4367
2617 389
2618 4579
2619 1483
2620 1466
2621 2329
2622 4571
2623 1325
2624 1618
2625 4491
2626 1206
2627 2457
2628 3802
2629 709
2630 2601
2631 883
2632 4021
2633 4590
2634 1529
2635 2649
2636 1676
2637 2682
2638 2032
2639 2840
2640 4124
2641 62
2642 2798
2643 4368
2644 905
2645 3307
2646 3007
2647 303
2648 4662
2649 3473
2650 1905
2651 2828
2652 4777
2653 1761
2654 4824
2655 1665
2656 4840
2657 2723
2658 4534
2659 2839
2660 1017
2661 2516
2662 1165
2663 4177
2664 4765
2665 2791
2666 4815
2667 4159
2668 995
2669 1850
2670 2920
2671 3336
2672 1482
2673 4105
2674 352
2675 272
2676 3081
2677 3727
2678 1852
2679 1180
2680 4393
2681 3535
2682 1102
2683 4850
2684 3995
2685 813
2686 2402
2687 2352
2688 1548
2689 2778
2690 2487
2691 352
2692 1979
2693 1290
2694 2282
2695 1535
2696 4725
2697 858
2698 2907
2699 3003
2700 2260
2701 3247
2702 3955
2703 1291
2704 2651
2705 2453
2706 3457
2707 2993
2708 1408
2709 2020
2710 2986
2711 1091
2712 1656
2713 1073
2714 1800
2715 2684
2716 3638
2717 3682
2718 1378
2719 4146
2720 519
2721 2326
2722 1114
2723 3541
2724 982
2725 496
2726 4399
2727 4661
2728 2285
2729 1155
2730 33
2731 871
2732 2746
2733 4785
2734 2347
2735 1255
2736 2759
2737 3669
2738 2994
2739 476
2740 3440
2741 2226
2742 3510
2743 2527
2744 4390
2745 3673
2746 3628
2747 2062
2748 553
2749 1689
2750 2413
2751 2033
2752 1334
2753 4153
2754 3472
2755 775
2756 27
2757 511
2758 1767
2759 4791
2760 1772
2761 2297
2762 3221
2763 4609
2764 300
2765 1224
2766 1824
2767 1565
2768 3887
2769 3402
2770 1177
2771 382
2772 2779
2773 3853
2774 2219
2775 3320
2776 2471
2777 144
2778 3633
2779 1923
2780 4480
2781 733
2782 1751
2783 3951
2784 4283
2785 4852
2786 200
2787 3702
2788 3199
2789 2022
2790 201
2791 3535
2792 4790
2793 4438
2794 3277
2795 1063
2796 3882
2797 1811
2798 1208
2799 4583
2800 3155
2801 4273
2802 1001
2803 1038
2804 3414
2805 3820
2806 1176
2807 3560
2808 163
2809 1936
2810 123
2811 2274
2812 3142
2813 2273
2814 4433
2815 2802
2816 3030
2817 708
2818 3968
2819 3455
2820 4167
2821 2496
2822 4689
2823 2580
2824 3554
2825 726
2826 4100
2827 2642
2828 2532
2829 3435
2830 4220
2831 1623
2832 4138
2833 4519
2834 4791
2835 4846
2836 2014
2837 62
2838 3485
2839 490
2840 1730
2841 2176
2842 3384
2843 113
2844 4309
2845 273
2846 1238
2847 4639
2848 732
2849 2459
2850 1386
2851 4514
2852 4161
2853 2808
2854 2497
2855 2964
2856 4136
2857 3148
2858 1414
2859 2481
2860 3774
2861 3238
2862 4543
2863 3390
2864 1953
2865 4627
2866 2731
2867 4246
2868 2333
2869 2819
2870 722
2871 1892
2872 3350
2873 4230
2874 2913
2875 4289
2876 2339
2877 4001
2878 2952
2879 2636
2880 2
2881 4019
2882 2539
2883 4724
2884 4726
2885 2818
2886 4212
2887 3739
2888 2050
2889 235
2890 2704
2891 4902
2892 4109
2893 4185
2894 4274
2895 2129
2896 168
2897 3392
2898 929
2899 682
2900 1818
2901 2958
2902 2196
2903 1561
2904 2458
2905 4203
2906 2188
2907 2851
2908 1596
2909 4730
2910 1072
2911 3380
2912 4558
2913 3766
2914 3321
2915 1708
2916 1138
2917 4162
2918 2554
2919 4448
2920 963
2921 2802
2922 4909
2923 3713
2924 51
2925 2229
2926 2856
2927 1158
2928 2665
2929 615
2930 1699
2931 2320
2932 2708
2933 3845
2934 1715
2935 2799
2936 418
2937 1200
2938 134
2939 2913
2940 3142
2941 664
2942 1500
2943 3191
2944 2723
2945 1815
2946 4307
2947 3654
2948 1929
2949 2023
2950 1134
2951 1970
2952 2697
2953 1828
2954 503
2955 73
2956 2228
2957 737
2958 2790
2959 408
2960 4744
2961 2814
2962 2996
2963 2198
2964 97
2965 3244
2966 283
2967 2677
2968 3571
2969 2040
2970 3716
2971 2035
2972 4399
2973 3375
2974 2242
2975 2800
2976 284
2977 3587
2978 1426
2979 2595
2980 3424
2981 2505
2982 1810
2983 2606
2984 3217
2985 2761
2986 4739
2987 3530
2988 2925
2989 1906
2990 3230
2991 391
2992 3140
2993 4654
2994 4411
2995 1346
2996 1260
2997 248
2998 715
2999 1204
3000 2781
3001 182
3002 4339
3003 4231
3004 580
3005 1739
3006 2746
3007 2327
3008 1610
3009 2869
3010 1455
3011 2754
3012 2983
3013 307
3014 3755
3015 4891
3016 2078
3017 3767
3018 195
3019 1820
3020 1205
3021 4541
3022 2112
3023 4256
3024 4710
3025 4335
3026 3254
3027 4132
3028 2298
3029 2560
3030 1420
3031 3201
3032 140
3033 3039
3034 4251
3035 833
3036 2477
3037 4605
3038 1024
3039 3449
3040 4483
3041 3787
3042 832
3043 7
3044 3124
3045 113
3046 4129
3047 2273
3048 4225
3049 3971
3050 863
3051 2230
3052 4237
3053 569
3054 1875
3055 2817
3056 1425
3057 3069
3058 478
3059 2522
3060 4528
3061 183
3062 3065
3063 1696
3064 3858
3065 1008
3066 1622
3067 1192
3068 1189
3069 49
3070 727
3071 2794
3072 1837
3073 1323
3074 49
3075 3733
3076 4415
3077 4239
3078 2849
3079 4246
3080 4590
3081 1023
3082 4224
3083 2910
3084 3245
3085 3082
3086 4513
3087 3722
3088 1839
3089 2197
3090 1319
3091 3507
3092 3595
3093 313
3094 1322
3095 14
3096 1993
3097 1680
3098 4558
3099 2719
3100 3522
3101 3461
3102 1399
3103 1370
3104 3427
3105 1073
3106 3885
3107 2330
3108 2317
3109 745
3110 2948
3111 4439
3112 2345
3113 1141
3114 44
3115 4274
3116 2114
3117 1568
3118 1778
3119 1282
3120 3983
3121 2717
3122 2455
3123 156
3124 4494
3125 4795
3126 1452
3127 289
3128 1178
3129 2407
3130 4450
3131 2251
3132 2930
3133 4572
3134 1214
3135 3965
3136 970
3137 1197
3138 1312
3139 2498
3140 873
3141 1448
3142 1955
3143 2687
3144 4172
3145 178
3146 1902
3147 1859
3148 1571
3149 4452
3150 2146
3151 194
3152 1078
3153 2265
3154 3848
3155 1152
3156 2066
3157 643
3158 337
3159 3852
3160 746
3161 836
3162 141
3163 4905
3164 825
3165 2908
3166 3305
3167 3721
3168 3924
3169 3962
3170 688
3171 2825
3172 1599
3173 1860
3174 3979
3175 3943
3176 1171
3177 4502
3178 106
3179 2719
3180 4524
3181 1365
3182 4704
3183 707
3184 1055
3185 1263
3186 2350
3187 3226
3188 4383
3189 4674
3190 2002
3191 2145
3192 185
3193 4551
3194 653
3195 2798
3196 3740
3197 328
3198 989
3199 4465
3200 2262
3201 2775
3202 1367
3203 2210
3204 4839
3205 3037
3206 2134
3207 639
3208 1606
3209 1587
3210 2200
3211 4758
3212 4226
3213 687
3214 3193
3215 2965
3216 3315
3217 2625
3218 2790
3219 1523
3220 2915
3221 3450
3222 3965
3223 3006
3224 1130
3225 2121
3226 2253
3227 3249
3228 3725
3229 3898
3230 4828
3231 1739
3232 4236
3233 2332
3234 1588
3235 3015
3236 2879
3237 1226
3238 4455
3239 69
3240 325
3241 3909
3242 3911
3243 47
3244 2449
3245 3197
3246 4384
3247 603
3248 3472
3249 575
3250 544
3251 2834
3252 2076
3253 1197
3254 2420
3255 4213
3256 3693
3257 4217
3258 853
3259 1982
3260 1007
3261 60
3262 3114
3263 2324
3264 264
3265 2124
3266 4453
3267 1245
3268 1453
3269 924
3270 679
3271 228
3272 345
3273 1076
3274 234
3275 3838
3276 37
3277 2810
3278 3339
3279 2826
3280 4082
3281 882
3282 4573
3283 2005
3284 3985
3285 4363
3286 1694
3287 3998
3288 2486
3289 4317
3290 3771
3291 1765
3292 1591
3293 2962
3294 2067
3295 3730
3296 272
3297 401
3298 826
3299 3369
3300 152
3301 8
3302 4012
3303 2406
3304 1161
3305 4591
3306 1705
3307 1545
3308 787
3309 2323
3310 847
3311 1883
3312 1366
3313 2832
3314 2142
3315 2101
3316 2226
3317 4399
3318 2031
3319 3325
3320 781
3321 649
3322 4517
3323 3035
3324 787
3325 3613
3326 1033
3327 1348
3328 862
3329 2693
3330 2402
3331 4628
3332 891
3333 2895
3334 4118
3335 2895
3336 2384
3337 1236
3338 1837
3339 2033
3340 4381
3341 3014
3342 3240
3343 4485
3344 3936
3345 1872
3346 662
3347 3651
3348 2317
3349 3025
3350 998
3351 140
3352 924
3353 889
3354 4755
3355 3225
3356 4132
3357 2610
3358 0
3359 672
3360 1501
3361 4582
3362 793
3363 837
3364 4716
3365 3439
3366 3092
3367 3732
3368 3327
3369 558
3370 1167
3371 742
3372 3225
3373 2163
3374 2019
3375 4089
3376 298
3377 4425
3378 319
3379 2847
3380 1288
3381 4827
3382 3849
3383 4534
3384 593
3385 3062
3386 3503
3387 3710
3388 4891
3389 2262
3390 3054
3391 200
3392 3972
3393 4442
3394 314
3395 41
3396 1802
3397 153
3398 132
3399 2908
3400 4600
3401 3557
3402 4647
3403 1202
3404 3701
3405 2094
3406 563
3407 3294
3408 981
3409 1013
3410 1642
3411 3603
3412 4853
3413 3365
3414 3701
3415 3531
3416 2230
3417 8
3418 63
3419 316
3420 3423
3421 816
3422 1210
3423 2934
3424 4001
3425 134
3426 2241
3427 811
3428 3228
3429 2658
3430 42
3431 4132
3432 3446
3433 2672
3434 997
3435 4794
3436 838
3437 1778
3438 2354
3439 895
3440 1353
3441 2493
3442 1458
3443 2192
3444 2238
3445 1206
3446 438
3447 3654
3448 844
3449 3684
3450 4808
3451 4460
3452 4123
3453 2877
3454 1952
3455 2859
3456 2389
3457 4300
3458 1495
3459 851
3460 1499
3461 1834
3462 4728
3463 3858
3464 202
3465 1186
3466 280
3467 25
3468 2673
3469 4045
3470 835
3471 2644
3472 2835
3473 2620
3474 460
3475 610
3476 1991
3477 721
3478 827
3479 566
3480 2197
3481 3062
3482 4337
3483 1244
3484 2269
3485 147
3486 3717
3487 4800
3488 1453
3489 2983
3490 1494
3491 3175
3492 3934
3493 3566
3494 2855
3495 2800
3496 580
3497 635
3498 4911
3499 2501
3500 4680
3501 54
3502 1112
3503 2095
3504 202
3505 3382
3506 2279
3507 3591
3508 3900
3509 787
3510 3111
3511 2756
3512 1805
3513 1260
3514 3250
3515 3372
3516 613
3517 3384
3518 3380
3519 1328
3520 4662
3521 3464
3522 2429
3523 2755
3524 3425
3525 690
3526 3040
3527 1333
3528 396
3529 1961
3530 835
3531 3412
3532 1054
3533 4869
3534 3516
3535 3485
3536 3418
3537 1112
3538 1835
3539 1775
3540 2913
3541 3169
3542 2228
3543 1975
3544 1122
3545 4405
3546 213
3547 1382
3548 4584
3549 2987
3550 2719
3551 3761
3552 675
3553 3024
3554 2970
3555 4897
3556 2506
3557 2479
3558 4788
3559 1431
3560 1768
3561 3464
3562 2824
3563 4907
3564 2826
3565 4800
3566 2184
3567 244
3568 3218
3569 140
3570 3250
3571 611
3572 468
3573 3995
3574 4877
3575 3311
3576 586
3577 3982
3578 2304
3579 1676
3580 4120
3581 1100
3582 1439
3583 3682
3584 4804
3585 814
3586 302
3587 2620
3588 240
3589 1004
3590 2350
3591 1868
3592 1534
3593 1284
3594 1016
3595 642
3596 1472
3597 2595
3598 4252
3599 4673
3600 3170
3601 640
3602 1247
3603 1271
3604 3067
3605 3171
3606 788
3607 634
3608 4498
3609 2671
3610 2599
3611 2458
3612 634
3613 4301
3614 3114
3615 4297
3616 4389
3617 2214
3618 1300
3619 3057
3620 764
3621 1521
3622 3235
3623 1244
3624 1465
3625 2970
3626 533
3627 4906
3628 716
3629 2156
3630 605
3631 4731
3632 769
3633 252
3634 3778
3635 1418
3636 4282
3637 1386
3638 378
3639 2610
3640 4090
3641 4295
3642 3304
3643 4135
3644 983
3645 3570
3646 2812
3647 1072
3648 2051
3649 1009
3650 656
3651 1700
3652 379
3653 834
3654 3779
3655 4179
3656 2426
3657 1186
3658 4376
3659 4760
3660 3181
3661 1497
3662 1053
3663 426
3664 4846
3665 2612
3666 1661
3667 1017
3668 809
3669 1184
3670 2177
3671 1324
3672 821
3673 107
3674 2594
3675 244
3676 2641
3677 3612
3678 815
3679 4092
3680 1157
3681 4038
3682 3159
3683 1696
3684 1389
3685 2035
3686 2579
3687 3115
3688 485
3689 2824
3690 3667
3691 615
3692 911
3693 3156
3694 1939
3695 1031
3696 3936
3697 1361
3698 3726
3699 2480
3700 1871
3701 4784
3702 4825
3703 2779
3704 2650
3705 3686
3706 2272
3707 4342
3708 1786
3709 4218
3710 4172
3711 2532
3712 1861
3713 2313
3714 133
3715 3296
3716 2165
3717 2975
3718 3914
3719 2621
3720 2555
3721 3300
3722 4469
3723 4008
3724 1657
3725 869
3726 138
3727 1414
3728 2332
3729 1532
3730 899
3731 283
3732 4449
3733 18
3734 1271
3735 4614
3736 471
3737 893
3738 400
3739 1018
3740 2992
3741 2781
3742 3919
3743 3982
3744 515
3745 1464
3746 3491
3747 2707
3748 4459
3749 466
3750 2009
3751 47
3752 1774
3753 618
3754 2248
3755 3914
3756 3394
3757 4195
3758 1825
3759 1250
3760 3067
3761 2221
3762 1410
3763 2390
3764 4714
3765 1970
3766 1933
3767 3656
3768 1831
3769 3753
3770 1438
3771 114
3772 4654
3773 881
3774 4437
3775 772
3776 1393
3777 3423
3778 2861
3779 3743
3780 4748
3781 1445
3782 2011
3783 280
3784 1388
3785 2546
3786 3911
3787 2682
3788 1570
3789 304
3790 3421
3791 2678
3792 4817
3793 4414
3794 2523
3795 2995
3796 4771
3797 634
3798 3963
3799 852
3800 111
3801 4252
3802 713
3803 2730
3804 4173
3805 2868
3806 2266
3807 1499
3808 2076
3809 4173
3810 4316
3811 4081
3812 2140
3813 1793
3814 1747
3815 3954
3816 4109
3817 3913
3818 493
3819 2106
3820 1642
3821 436
3822 1468
3823 2991
3824 1939
3825 3412
3826 118
3827 3135
3828 3702
3829 2736
3830 2004
3831 2507
3832 2653
3833 2176
3834 2619
3835 1713
3836 4577
3837 3376
3838 3008
3839 2359
3840 2509
3841 4320
3842 3007
3843 2169
3844 1388
3845 4698
3846 373
3847 2038
3848 4062
3849 3783
3850 4883
3851 123
3852 3592
3853 3867
3854 1432
3855 2957
3856 4120
3857 1354
3858 3335
3859 2611
3860 141
3861 4180
3862 3403
3863 2425
3864 4851
3865 3624
3866 2159
3867 3865
3868 3700
3869 4554
3870 3750
3871 2177
3872 496
3873 4317
3874 1411
3875 4499
3876 416
3877 2208
3878 670
3879 3987
3880 246
3881 4631
3882 859
3883 1726
3884 1329
3885 603
3886 287
3887 4072
3888 3947
3889 1806
3890 4425
3891 3566
3892 1084
3893 1874
3894 2931
3895 990
3896 3128
3897 1712
3898 3409
3899 4830
3900 1789
3901 59
3902 4084
3903 78
3904 3695
3905 4499
3906 3762
3907 4833
3908 2388
3909 1164
3910 1517
3911 1709
3912 3239
3913 3984
3914 3282
3915 4061
3916 4661
3917 3981
3918 2469
3919 1007
3920 3738
3921 1550
3922 537
3923 3162
3924 4598
3925 1852
3926 1379
3927 3141
3928 2790
3929 3308
3930 448
3931 4337
3932 1288
3933 3814
3934 4577
3935 3342
3936 864
3937 4109
3938 3578
3939 3409
3940 131
3941 4087
3942 2079
3943 3024
3944 2994
3945 1606
3946 4279
3947 1250
3948 1258
3949 4411
3950 3039
3951 3705
3952 677
3953 586
3954 4418
3955 2631
3956 2902
3957 3926
3958 2796
3959 1763
3960 4495
3961 3358
3962 2246
3963 50
3964 3797
3965 3786
3966 2555
3967 3346
3968 4806
3969 2156
3970 1342
3971 94
3972 3254
3973 1525
3974 3413
3975 361
3976 175
3977 4140
3978 3029
3979 1395
3980 1798
3981 226
3982 1395
3983 3990
3984 1620
3985 3618
3986 4225
3987 3973
3988 3282
3989 2862
3990 88
3991 4690
3992 4788
3993 1348
3994 3851
3995 3620
3996 1152
3997 4244
3998 2199
3999 1531
4000 4777
4001 201
4002 1744
4003 4665
4004 1944
4005 3080
4006 207
4007 1737
4008 4443
4009 2061
4010 2469
4011 1710
4012 4561
4013 219
4014 2881
4015 3663
4016 3854
4017 2213
4018 3834
4019 1257
4020 3533
4021 3784
4022 4342
4023 2216
4024 4174
4025 3228
4026 2013
4027 3539
4028 2039
4029 523
4030 3496
4031 862
4032 1281
4033 500
4034 91
4035 1262
4036 4252
4037 2566
4038 3489
4039 3049
4040 3218
4041 125
4042 3916
4043 3675
4044 700
4045 560
4046 204
4047 1043
4048 3179
4049 1919
4050 3465
4051 3219
4052 1825
4053 4846
4054 2941
4055 1587
4056 2990
4057 4682
4058 254
4059 3258
4060 471
4061 4817
4062 3762
4063 1770
4064 3755
4065 2879
4066 1702
4067 2630
4068 1500
4069 2152
4070 3463
4071 583
4072 4633
4073 3532
4074 475
4075 4794
4076 1713
4077 595
4078 1951
4079 740
4080 4769
4081 4707
4082 646
4083 168
4084 252
4085 1625
4086 3791
4087 4320
4088 4804
4089 1533
4090 3497
4091 1022
4092 494
4093 2329
4094 4103
4095 2290
4096 2340
4097 3057
4098 4755
4099 3794
4100 3602
4101 2503
4102 3486
4103 1773
4104 4233
4105 3737
4106 2555
4107 1734
4108 2244
4109 11
4110 561
4111 2454
4112 716
4113 636
4114 4659
4115 4579
4116 3177
4117 1285
4118 2891
4119 2644
4120 3726
4121 1215
4122 4703
4123 3842
4124 3684
4125 2024
4126 4679
4127 3224
4128 2570
4129 3294
4130 1720
4131 1224
4132 1615
4133 1670
4134 1677
4135 3931
4136 3504
4137 3252
4138 3743
4139 3297
4140 2532
4141 4270
4142 1325
4143 1734
4144 502
4145 3066
4146 918
4147 4144
4148 3475
4149 2804
4150 3149
4151 131
4152 2458
4153 4142
4154 758
4155 1832
4156 3119
4157 27
4158 2124
4159 2261
4160 4836
4161 4842
4162 1258
4163 2397
4164 2212
4165 3476
4166 911
4167 2968
4168 3717
4169 4382
4170 4257
4171 3479
4172 1991
4173 542
4174 3251
4175 891
4176 327
4177 4723
4178 747
4179 2072
4180 2097
4181 2882
4182 4554
4183 1177
4184 4076
4185 2764
4186 2141
4187 151
4188 1238
4189 3932
4190 1458
4191 1186
4192 29
4193 669
4194 3661
4195 4758
4196 3418
4197 1995
4198 873
4199 1007
4200 1769
4201 4597
4202 1033
4203 1035
4204 3605
4205 4025
4206 223
4207 1718
4208 2343
4209 4902
4210 117
4211 2108
4212 2002
4213 1726
4214 977
4215 1216
4216 4191
4217 4261
4218 3921
4219 2512
4220 1220
4221 834
4222 2436
4223 1815
4224 3983
4225 4073
4226 373
4227 1119
4228 746
4229 84
4230 2744
4231 3708
4232 4881
4233 1679
4234 3994
4235 4473
4236 2222
4237 3256
4238 2701
4239 1078
4240 94
4241 684
4242 1262
4243 4231
4244 4828
4245 1007
4246 2652
4247 1021
4248 4640
4249 547
4250 4258
4251 1645
4252 4384
4253 2113
4254 474
4255 1585
4256 3516
4257 1528
4258 1582
4259 2548
4260 2510
4261 332
4262 2116
4263 2327
4264 4457
4265 1621
4266 166
4267 2116
4268 2007
4269 3778
4270 3576
4271 1982
4272 1761
4273 1053
4274 4875
4275 497
4276 1017
4277 1066
4278 715
4279 349
4280 81
4281 342
4282 4727
4283 2934
4284 2717
4285 123
4286 1935
4287 785
4288 554
4289 1454
4290 809
4291 1409
4292 3741
4293 2895
4294 440
4295 4883
4296 3326
4297 4689
4298 4549
4299 2918
4300 1464
4301 2348
4302 3390
4303 1290
4304 633
4305 1598
4306 190
4307 1312
4308 4849
4309 3208
4310 1985
4311 4468
4312 498
4313 1739
4314 200
4315 1741
4316 3201
4317 1398
4318 645
4319 2070
4320 2427
4321 1120
4322 4637
4323 644
4324 2002
4325 3440
4326 4512
4327 1204
4328 1374
4329 625
4330 4725
4331 2075
4332 1400
4333 4366
4334 4814
4335 1413
4336 1665
4337 2299
4338 4246
4339 3859
4340 813
4341 4040
4342 727
4343 269
4344 1076
4345 1306
4346 3787
4347 3286
4348 3626
4349 771
4350 4910
4351 3474
4352 3746
4353 3313
4354 2328
4355 1192
4356 738
4357 1412
4358 3345
4359 2121
4360 1847
4361 1576
4362 3776
4363 3810
4364 3787
4365 3508
4366 4504
4367 977
4368 513
4369 4836
4370 1151
4371 1820
4372 734
4373 3276
4374 4000
4375 544
4376 3859
4377 675
4378 4843
4379 2186
4380 2233
4381 1394
4382 4299
4383 1463
4384 4706
4385 3832
4386 3802
4387 4904
4388 2835
4389 3283
4390 1341
4391 137
4392 2331
4393 3351
4394 3886
4395 2469
4396 4236
4397 4702
4398 2987
4399 1769
4400 1011
4401 4817
4402 1503
4403 3256
4404 986
4405 895
4406 3914
4407 3052
4408 4424
4409 710
4410 2895
4411 4169
4412 2028
4413 2268
4414 3261
4415 566
4416 3963
4417 4769
4418 1095
4419 2032
4420 4278
4421 3837
4422 2578
4423 2001
4424 3713
4425 152
4426 4650
4427 634
4428 2813
4429 1884
4430 2415
4431 4397
4432 806
4433 594
4434 1597
4435 1580
4436 1717
4437 3195
4438 1716
4439 4178
4440 1289
4441 4587
4442 211
4443 3171
4444 1577
4445 235
4446 1932
4447 1821
4448 1945
4449 4517
4450 2912
4451 1658
4452 2246
4453 2887
4454 2005
4455 4268
4456 4401
4457 1510
4458 2061
4459 3937
4460 1970
4461 1253
4462 3098
4463 3135
4464 2954
4465 2868
4466 1374
4467 2050
4468 3226
4469 621
4470 3893
4471 2582
4472 2128
4473 3198
4474 2830
4475 4341
4476 1869
4477 3646
4478 1867
4479 1707
4480 811
4481 3434
4482 2748
4483 2163
4484 2178
4485 2688
4486 2991
4487 1318
4488 95
4489 1465
4490 3483
4491 3631
4492 4889
4493 556
4494 1132
4495 3330
4496 3106
4497 2552
4498 1972
4499 384
4500 2102
4501 4650
4502 2295
4503 4576
4504 1509
4505 3511
4506 3576
4507 3651
4508 2878
4509 1465
4510 2208
4511 3837
4512 1191
4513 4369
4514 4457
4515 3275
4516 2778
4517 3363
4518 2535
4519 1078
4520 2785
4521 2865
4522 1723
4523 840
4524 2540
4525 770
4526 4550
4527 1829
4528 863
4529 4223
4530 3878
4531 3705
4532 1486
4533 1878
4534 3037
4535 1478
4536 269
4537 4073
4538 1675
4539 4559
4540 4531
4541 1562
4542 1076
4543 2943
4544 4108
4545 4823
4546 4352
4547 1357
4548 2335
4549 3840
4550 1088
4551 4350
4552 3351
4553 1327
4554 3378
4555 4846
4556 3790
4557 2314
4558 3389
4559 3710
4560 4600
4561 2250
4562 286
4563 3610
4564 177
4565 4717
4566 2549
4567 1233
4568 1833
4569 1018
4570 1641
4571 2006
4572 532
4573 1594
4574 3215
4575 114
4576 2383
4577 2643
4578 1811
4579 4504
4580 687
4581 4273
4582 187
4583 2823
4584 2150
4585 4406
4586 153
4587 1502
4588 2248
4589 224
4590 2109
4591 278
4592 3390
4593 2346
4594 2284
4595 3101
4596 2595
4597 486
4598 1661
4599 0
4600 3260
4601 4777
4602 4385
4603 3627
4604 3418
4605 4660
4606 117
4607 2967
4608 3047
4609 2395
4610 4138
4611 411
4612 1180
4613 2791
4614 3315
4615 2383
4616 2699
4617 2062
4618 4306
4619 2976
4620 1221
4621 792
4622 3937
4623 1396
4624 4866
4625 3589
4626 4084
4627 43
4628 3498
4629 4149
4630 2344
4631 773
4632 3335
4633 2141
4634 2130
4635 2583
4636 3509
4637 21
4638 3251
4639 4555
4640 2156
4641 4614
4642 1051
4643 607
4644 1753
4645 3065
4646 2856
4647 1506
4648 3972
4649 4506
4650 4302
4651 1516
4652 1151
4653 4118
4654 4226
4655 1372
4656 990
4657 1686
4658 820
4659 4592
4660 4522
4661 4520
4662 2469
4663 2735
4664 1976
4665 2720
4666 3735
4667 3174
4668 1210
4669 2083
4670 829
4671 2267
4672 173
4673 839
4674 4834
4675 3083
4676 1429
4677 2631
4678 4082
4679 2842
4680 2873
4681 2909
4682 441
4683 3488
4684 2733
4685 2941
4686 4116
4687 3501
4688 1604
4689 2105
4690 4278
4691 3678
4692 3770
4693 3703
4694 1230
4695 1165
4696 2152
4697 2772
4698 3984
4699 2963
4700 1320
4701 813
4702 621
4703 1628
4704 317
4705 3276
4706 1700
4707 2903
4708 2208
4709 4749
4710 364
4711 2865
4712 3092
4713 464
4714 2410
4715 653
4716 394
4717 69
4718 2825
4719 1361
4720 4861
4721 4089
4722 468
4723 2019
4724 744
4725 3822
4726 4008
4727 2718
4728 1013
4729 3508
4730 6
4731 2569
4732 3329
4733 64
4734 3023
4735 1167
4736 3195
4737 1604
4738 1217
4739 3395
4740 587
4741 1979
4742 428
4743 1804
4744 1343
4745 1945
4746 830
4747 4583
4748 515
4749 3845
4750 2178
4751 3248
4752 3397
4753 967
4754 1209
4755 1727
4756 3648
4757 1896
4758 3449
4759 1942
4760 4595
4761 459
4762 2680
4763 2556
4764 361
4765 972
4766 2393
4767 878
4768 3937
4769 1752
4770 718
4771 209
4772 3305
4773 3929
4774 1388
4775 1300
4776 1853
4777 1255
4778 1664
4779 4589
4780 2328
4781 2315
4782 4831
4783 2077
4784 4112
4785 3689
4786 3996
4787 4354
4788 2981
4789 186
4790 1452
4791 619
4792 4295
4793 1411
4794 4106
4795 3720
4796 3135
4797 3020
4798 177
4799 3718
4800 2287
4801 3300
4802 3367
4803 2652
4804 1681
4805 888
4806 1220
4807 3650
4808 3228
4809 224
4810 1657
4811 1627
4812 3582
4813 1856
4814 996
4815 1017
4816 2868
4817 2949
4818 2180
4819 3159
4820 2534
4821 1058
4822 714
4823 4817
4824 2769
4825 2114
4826 434
4827 2770
4828 3901
4829 3637
4830 2619
4831 3530
4832 837
4833 2853
4834 1863
4835 1066
4836 2073
4837 4431
4838 4773
4839 904
4840 751
4841 945
4842 2232
4843 2418
4844 809
4845 4283
4846 4576
4847 3685
4848 2009
4849 1434
4850 1614
4851 1800
4852 1855
4853 4520
4854 1344
4855 1659
4856 2282
4857 547
4858 3723
4859 4364
4860 117
4861 4651
4862 4763
4863 911
4864 3175
4865 4889
4866 2170
4867 3202
4868 3808
4869 4162
4870 2026
4871 2933
4872 3049
4873 1717
4874 2194
4875 4363
4876 526
4877 1037
4878 2331
4879 1472
4880 2962
4881 1081
4882 2990
4883 1073
4884 192
4885 701
4886 1083
4887 1620
4888 1707
4889 2816
4890 4792
4891 4117
4892 2944
4893 1832
4894 316
4895 2635
4896 4158
4897 4123
4898 4000
4899 1552
4900 2679
4901 4590
4902 1222
4903 1929
4904 845
4905 1727
4906 226
4907 1827
4908 2802
4909 3711
4910 1362
4911 197
4912 2180
4913 3229
4914 4287
4915 459
0 1
0 3
0 6
0 7
0 8
0 9
0 10
0 13
0 14
0 15
0 21
0 22
0 25
0 26
0 28
0 32
0 33
0 34
0 36
0 39
0 40
0 43
0 51
0 52
0 53
0 58
0 59
0 62
0 67
0 70
0 72
0 74
0 75
0 77
0 78
0 83
0 86
0 88
0 95
0 96
0 99
0 103
0 109
0 120
0 128
0 130
0 137
0 139
0 141
0 146
0 147
0 152
0 153
0 155
0 160
0 165
0 167
0 173
0 174
0 176
0 177
0 181
0 182
0 187
0 198
0 213
0 215
0 229
0 239
0 240
0 244
0 250
0 282
0 304
0 307
0 313
0 314
0 316
0 322
0 323
0 325
0 331
0 347
0 350
0 382
0 399
0 404
0 415
0 418
0 421
0 422
0 434
0 441
0 443
0 444
0 450
0 458
0 460
0 461
0 465
0 478
0 480
0 492
0 504
0 514
0 516
0 525
0 527
0 559
0 568
0 571
0 599
0 610
0 614
0 615
0 618
0 629
0 632
0 651
0 653
0 655
0 658
0 660
0 662
0 675
0 681
0 685
0 689
0 690
0 697
0 708
0 709
0 711
0 714
0 724
0 725
0 745
0 751
0 764
0 770
0 774
0 776
0 781
0 794
0 795
0 798
0 799
0 817
0 822
0 826
0 834
0 836
0 839
0 844
0 861
0 869
0 876
0 878
0 883
0 884
0 885
0 891
0 893
0 895
0 897
0 902
0 906
0 911
0 915
0 923
0 928
0 932
0 946
0 948
0 950
0 952
0 953
0 962
0 970
0 973
0 977
0 978
0 984
0 994
0 1001
0 1042
0 1045
0 1057
0 1081
0 1088
0 1095
0 1098
0 1105
0 1108
0 1113
0 1124
0 1142
0 1156
0 1163
0 1167
0 1171
0 1172
0 1173
0 1175
0 1177
0 1179
0 1181
0 1182
0 1190
0 1202
0 1210
0 1211
0 1214
0 1217
0 1231
0 1239
0 1240
0 1248
0 1263
0 1264
0 1272
0 1275
0 1284
0 1290
0 1291
0 1300
0 1302
0 1307
0 1308
0 1310
0 1312
0 1321
0 1324
0 1331
0 1347
0 1362
0 1365
0 1368
0 1370
0 1377
0 1397
0 1401
0 1412
0 1420
0 1431
0 1436
0 1447
0 1453
0 1456
0 1460
0 1467
0 1478
0 1484
0 1486
0 1491
0 1503
0 1507
0 1525
0 1526
0 1530
0 1536
0 1546
0 1548
0 1550
0 1555
0 1560
0 1564
0 1567
0 1568
0 1579
0 1587
0 1595
0 1599
0 1600
0 1602
0 1610
0 1628
0 1634
0 1638
0 1657
0 1667
0 1668
0 1672
0 1678
0 1684
0 1690
0 1704
0 1715
0 1720
0 1724
0 1727
0 1732
0 1733
0 1736
0 1759
0 1760
0 1765
0 1766
0 1773
0 1786
0 1812
0 1819
0 1830
0 1836
0 1837
0 1844
0 1847
0 1849
0 1853
0 1859
0 1866
0 1875
0 1877
0 1888
0 1895
0 1896
0 1906
0 1910
0 1914
0 1929
0 1951
0 1953
0 1966
0 1975
0 1978
0 1981
0 1982
0 1984
0 2001
0 2012
0 2029
0 2035
0 2036
0 2046
0 2051
0 2052
0 2053
0 2064
0 2079
0 2082
0 2086
0 2089
0 2096
0 2110
0 2113
0 2114
0 2126
0 2128
0 2135
0 2137
0 2138
0 2141
0 2152
0 2156
0 2158
0 2181
0 2184
0 2187
0 2192
0 2194
0 2195
0 2202
0 2211
0 2213
0 2216
0 2221
0 2237
0 2239
0 2252
0 2265
0 2274
0 2284
0 2303
0 2315
0 2316
0 2317
0 2319
0 2324
0 2344
0 2355
0 2362
0 2381
0 2385
0 2391
0 2394
0 2396
0 2398
0 2414
0 2415
0 2422
0 2423
0 2431
0 2439
0 2444
0 2451
0 2457
0 2462
0 2470
0 2472
0 2484
0 2488
0 2491
0 2492
0 2493
0 2505
0 2507
0 2517
0 2533
0 2541
0 2542
0 2550
0 2557
0 2562
0 2574
0 2578
0 2583
0 2599
0 2600
0 2603
0 2610
0 2611
0 2616
0 2617
0 2621
0 2642
0 2659
0 2662
0 2666
0 2670
0 2685
0 2686
0 2687
0 2697
0 2698
0 2701
0 2706
0 2708
0 2718
0 2725
0 2728
0 2732
0 2735
0 2738
0 2744
0 2745
0 2746
0 2761
0 2767
0 2779
0 2782
0 2784
0 2791
0 2798
0 2799
0 2803
0 2817
0 2828
0 2833
0 2840
0 2847
0 2849
0 2853
0 2858
0 2867
0 2868
0 2869
0 2875
0 2888
0 2889
0 2892
0 2895
0 2896
0 2899
0 2901
0 2902
0 2904
0 2906
0 2912
0 2915
0 2922
0 2924
0 2928
0 2938
0 2962
0 2975
0 2979
0 2981
0 2987
0 2989
0 2992
0 2994
0 3000
0 3005
0 3008
0 3010
0 3015
0 3017
0 3024
0 3039
0 3059
0 3069
0 3075
0 3078
0 3090
0 3093
0 3100
0 3113
0 3114
0 3127
0 3129
0 3133
0 3139
0 3142
0 3162
0 3172
0 3182
0 3194
0 3198
0 3213
0 3229
0 3232
0 3243
0 3245
0 3256
0 3264
0 3270
0 3273
0 3275
0 3278
0 3279
0 3285
0 3286
0 3288
0 3294
0 3297
0 3307
0 3309
0 3312
0 3314
0 3323
0 3328
0 3332
0 3333
0 3344
0 3349
0 3358
0 3359
0 3364
0 3377
0 3383
0 3392
0 3394
0 3403
0 3412
0 3417
0 3418
0 3421
0 3423
0 3425
0 3427
0 3434
0 3436
0 3457
0 3463
0 3466
0 3473
0 3474
0 3497
0 3516
0 3520
0 3523
0 3529
0 3530
0 3533
0 3535
0 3536
0 3542
0 3546
0 3554
0 3557
0 3559
0 3563
0 3567
0 3568
0 3576
0 3578
0 3579
0 3583
0 3589
0 3590
0 3598
0 3602
0 3604
0 3607
0 3614
0 3616
0 3623
0 3643
0 3649
0 3656
0 3668
0 3683
0 3687
0 3698
0 3701
0 3705
0 3706
0 3708
0 3714
0 3715
0 3719
0 3724
0 3726
0 3730
0 3737
0 3749
0 3753
0 3762
0 3764
0 3766
0 3771
0 3778
0 3780
0 3781
0 3788
0 3791
0 3796
0 3807
0 3808
0 3812
0 3814
0 3836
0 3851
0 3853
0 3855
0 3858
0 3869
0 3870
0 3872
0 3880
0 3884
0 3889
0 3892
0 3895
0 3903
0 3905
0 3910
0 3918
0 3924
0 3926
0 3927
0 3929
0 3932
0 3946
0 3948
0 3953
0 3955
0 3962
0 3967
0 3974
0 3975
0 3981
0 3982
0 3989
0 4022
0 4023
0 4033
0 4039
0 4042
0 4048
0 4050
0 4053
0 4061
0 4062
0 4069
0 4078
0 4081
0 4083
0 4088
0 4100
0 4101
0 4103
0 4105
0 4123
0 4127
0 4138
0 4140
0 4147
0 4159
0 4167
0 4170
0 4174
0 4180
0 4181
0 4199
0 4205
0 4209
0 4217
0 4221
0 4223
0 4229
0 4231
0 4249
0 4264
0 4265
0 4270
0 4274
0 4280
0 4281
0 4282
0 4308
0 4315
0 4333
0 4335
0 4341
0 4350
0 4352
0 4368
0 4383
0 4391
0 4395
0 4399
0 4400
0 4402
0 4403
0 4406
0 4408
0 4414
0 4417
0 4418
0 4423
0 4424
0 4428
0 4439
0 4441
0 4448
0 4451
0 4469
0 4473
0 4475
0 4476
0 4486
0 4492
0 4496
0 4498
0 4513
0 4528
0 4540
0 4542
0 4547
0 4551
0 4558
0 4559
0 4561
0 4577
0 4582
0 4583
0 4591
0 4593
0 4597
0 4606
0 4610
0 4614
0 4615
0 4624
0 4633
0 4638
0 4641
0 4652
0 4670
0 4679
0 4688
0 4694
0 4698
0 4707
0 4720
0 4733
0 4742
0 4745
0 4756
0 4757
0 4776
0 4786
0 4794
0 4796
0 4801
0 4807
0 4810
0 4814
0 4816
0 4826
0 4843
0 4847
0 4850
0 4853
0 4857
0 4874
0 4877
0 4908
0 4911
0 4914
0 76
0 156
0 175
0 35
0 4
0 223
0 18
0 179
0 190
0 54
0 2
0 245
0 91
0 16
0 20
0 61
0 113
0 5
0 68
0 110
0 151
0 122
0 134
0 82
0 24
0 136
0 232
0 106
0 227
0 46
0 31
0 149
0 204
0 180
0 210
0 23
0 126
0 11
0 172
0 89
0 159
0 238
0 236
0 185
0 48
0 218
0 98
0 90
0 55
0 44
0 56
0 30
0 105
0 196
0 108
0 162
0 17
0 60
0 212
0 100
0 186
0 27
0 115
0 79
0 206
0 50
0 129
0 94
0 71
0 123
0 241
0 101
0 38
0 226
0 142
0 127
0 243
0 191
0 222
0 37
0 73
0 219
0 65
0 85
0 133
0 209
0 202
0 199
0 12
0 81
0 169
0 150
0 57
0 87
0 29
0 220
0 19
0 200
0 170
0 84
0 211
0 207
0 119
0 154
0 131
0 63
0 41
0 92
0 197
0 214
0 47
0 221
0 45
0 66
0 192
0 49
0 93
0 143
0 230
0 124
0 171
0 217
0 125
0 234
0 64
0 235
0 163
0 188
0 228
0 111
0 161
0 114
0 184
0 145
0 189
0 104
0 117
0 224
0 242
0 225
0 69
0 80
0 208
0 164
0 42
0 157
0 194
0 138
0 144
0 148
0 166
0 132
0 168
0 112
0 118
0 140
0 237
0 102
0 135
0 178
0 97
0 116
0 158
0 233
0 107
0 183
0 203
0 193
0 195
0 121
0 216
0 205
1 2
1 4
1 12
1 27
1 29
1 30
1 37
1 82
1 102
1 105
1 119
1 127
1 134
1 143
1 144
1 157
1 162
1 164
1 189
1 197
1 199
1 209
1 216
1 217
1 222
1 236
1 243
1 270
1 279
1 280
1 283
1 299
1 317
1 324
1 337
1 339
1 358
1 359
1 385
1 389
1 396
1 403
1 411
1 414
1 439
1 445
1 446
1 463
1 469
1 471
1 474
1 475
1 482
1 485
1 506
1 517
1 518
1 519
1 536
1 541
1 548
1 561
1 573
1 575
1 580
1 594
1 607
1 616
1 621
1 626
1 633
1 647
1 673
1 677
1 692
1 693
1 740
1 744
1 752
1 753
1 756
1 793
1 824
1 825
1 837
1 846
1 851
1 853
1 860
1 867
1 874
1 879
1 892
1 894
1 905
1 913
1 933
1 937
1 938
1 939
1 941
1 951
1 954
1 969
1 974
1 982
1 1038
1 1039
1 1064
1 1071
1 1072
1 1074
1 1083
1 1106
1 1134
1 1136
1 1143
1 1152
1 1155
1 1158
1 1170
1 1222
1 1228
1 1242
1 1256
1 1285
1 1298
1 1309
1 1327
1 1339
1 1355
1 1359
1 1386
1 1387
1 1394
1 1395
1 1411
1 1422
1 1423
1 1429
1 1430
1 1434
1 1445
1 1454
1 1461
1 1481
1 1492
1 1495
1 1500
1 1529
1 1542
1 1547
1 1549
1 1576
1 1581
1 1625
1 1636
1 1642
1 1654
1 1680
1 1693
1 1706
1 1718
1 1725
1 1731
1 1744
1 1768
1 1770
1 1781
1 1782
1 1783
1 1787
1 1796
1 1801
1 1848
1 1865
1 1879
1 1891
1 1897
1 1903
1 1912
1 1919
1 1922
1 1932
1 1967
1 1992
1 1996
1 2027
1 2059
1 2063
1 2071
1 2078
1 2100
1 2108
1 2151
1 2154
1 2155
1 2162
1 2163
1 2164
1 2190
1 2196
1 2204
1 2212
1 2263
1 2267
1 2297
1 2329
1 2340
1 2356
1 2373
1 2374
1 2379
1 2392
1 2426
1 2427
1 2458
1 2459
1 2460
1 2473
1 2514
1 2527
1 2531
1 2537
1 2543
1 2545
1 2554
1 2567
1 2591
1 2596
1 2597
1 2601
1 2602
1 2627
1 2638
1 2658
1 2690
1 2693
1 2694
1 2709
1 2720
1 2727
1 2754
1 2766
1 2768
1 2793
1 2807
1 2855
1 2856
1 2861
1 2873
1 2909
1 2947
1 2948
1 2949
1 2965
1 2966
1 2983
1 2990
1 2997
1 3031
1 3055
1 3058
1 3061
1 3071
1 3104
1 3118
1 3124
1 3126
1 3131
1 3147
1 3149
1 3150
1 3152
1 3155
1 3164
1 3212
1 3234
1 3237
1 3239
1 3246
1 3250
1 3254
1 3276
1 3295
1 3305
1 3324
1 3325
1 3346
1 3367
1 3382
1 3389
1 3400
1 3401
1 3405
1 3406
1 3416
1 3432
1 3443
1 3445
1 3459
1 3460
1 3469
1 3515
1 3524
1 3558
1 3564
1 3569
1 3582
1 3584
1 3585
1 3600
1 3609
1 3613
1 3620
1 3632
1 3666
1 3675
1 3693
1 3703
1 3725
1 3767
1 3782
1 3787
1 3816
1 3829
1 3835
1 3854
1 3859
1 3864
1 3900
1 3909
1 3920
1 3938
1 3942
1 3943
1 3944
1 3963
1 3976
1 3988
1 4008
1 4045
1 4057
1 4065
1 4068
1 4077
1 4086
1 4089
1 4092
1 4095
1 4109
1 4113
1 4176
1 4188
1 4214
1 4216
1 4218
1 4228
1 4236
1 4243
1 4252
1 4253
1 4262
1 4277
1 4288
1 4293
1 4302
1 4313
1 4322
1 4340
1 4364
1 4377
1 4393
1 4413
1 4433
1 4437
1 4445
1 4453
1 4458
1 4487
1 4489
1 4501
1 4504
1 4514
1 4524
1 4576
1 4584
1 4596
1 4598
1 4599
1 4603
1 4613
1 4620
1 4632
1 4646
1 4650
1 4657
1 4659
1 4663
1 4708
1 4717
1 4723
1 4726
1 4735
1 4738
1 4744
1 4762
1 4774
1 4779
1 4792
1 4828
1 4854
1 4862
1 4867
1 4872
1 4894
1 4900
1 75
1 25
1 156
1 17
1 33
1 155
1 19
1 21
1 44
1 230
1 42
1 7
1 117
1 46
1 176
1 86
1 95
1 41
1 120
1 66
1 9
1 135
1 163
1 94
1 84
1 129
1 133
1 16
1 80
1 226
1 57
1 207
1 72
1 121
1 3
1 45
1 171
1 5
1 65
1 114
1 116
1 36
1 23
1 154
1 190
1 24
1 69
1 146
1 81
1 51
1 109
1 227
1 233
1 104
1 53
1 131
1 136
1 71
1 140
1 61
1 214
1 110
1 174
1 55
1 38
1 159
1 108
1 99
1 90
1 79
1 97
1 89
1 73
1 26
1 210
1 177
1 8
1 67
1 74
1 186
1 123
1 137
1 22
1 106
1 125
1 111
1 31
1 228
1 40
1 151
1 130
1 60
1 107
1 92
1 50
1 128
1 98
1 47
1 34
1 194
1 18
1 70
1 150
1 203
1 6
1 166
1 14
1 85
1 180
1 13
1 56
1 115
1 152
1 112
1 62
1 138
1 178
1 205
1 35
1 100
1 93
1 11
1 219
1 221
1 208
1 218
1 118
1 196
1 32
1 232
1 122
1 195
1 212
1 15
1 241
2 38
2 47
2 57
2 60
2 66
2 68
2 76
2 84
2 89
2 112
2 115
2 126
2 132
2 148
2 150
2 172
2 207
2 242
2 274
2 295
2 301
2 326
2 342
2 365
2 374
2 384
2 390
2 402
2 409
2 436
2 456
2 466
2 476
2 498
2 510
2 521
2 530
2 542
2 554
2 577
2 584
2 586
2 593
2 597
2 613
2 661
2 665
2 674
2 707
2 710
2 716
2 729
2 731
2 732
2 748
2 768
2 780
2 782
2 786
2 789
2 808
2 815
2 827
2 832
2 859
2 877
2 898
2 914
2 942
2 956
2 979
2 991
2 992
2 1015
2 1044
2 1049
2 1084
2 1096
2 1102
2 1107
2 1132
2 1193
2 1201
2 1244
2 1260
2 1297
2 1299
2 1348
2 1349
2 1391
2 1416
2 1432
2 1451
2 1473
2 1505
2 1508
2 1523
2 1527
2 1534
2 1544
2 1561
2 1563
2 1605
2 1615
2 1627
2 1650
2 1655
2 1687
2 1694
2 1709
2 1711
2 1713
2 1717
2 1723
2 1833
2 1856
2 1873
2 1884
2 1904
2 1920
2 1933
2 1943
2 1946
2 2003
2 2014
2 2033
2 2034
2 2040
2 2042
2 2087
2 2090
2 2099
2 2122
2 2124
2 2134
2 2142
2 2147
2 2175
2 2177
2 2178
2 2215
2 2218
2 2240
2 2247
2 2249
2 2251
2 2262
2 2269
2 2325
2 2331
2 2339
2 2366
2 2376
2 2389
2 2401
2 2410
2 2428
2 2429
2 2494
2 2497
2 2511
2 2539
2 2544
2 2552
2 2555
2 2582
2 2598
2 2613
2 2631
2 2653
2 2654
2 2664
2 2671
2 2696
2 2722
2 2731
2 2734
2 2747
2 2774
2 2821
2 2843
2 2862
2 2905
2 2908
2 2937
2 2964
2 3006
2 3013
2 3056
2 3060
2 3062
2 3074
2 3076
2 3144
2 3154
2 3163
2 3174
2 3204
2 3218
2 3257
2 3334
2 3341
2 3360
2 3371
2 3380
2 3393
2 3397
2 3399
2 3428
2 3465
2 3472
2 3478
2 3481
2 3491
2 3498
2 3522
2 3539
2 3541
2 3550
2 3587
2 3624
2 3637
2 3674
2 3680
2 3697
2 3710
2 3720
2 3752
2 3792
2 3793
2 3797
2 3809
2 3817
2 3830
2 3833
2 3842
2 3893
2 3897
2 3928
2 3949
2 3984
2 4021
2 4024
2 4031
2 4043
2 4059
2 4060
2 4075
2 4076
2 4124
2 4126
2 4129
2 4132
2 4144
2 4146
2 4160
2 4171
2 4194
2 4234
2 4240
2 4269
2 4283
2 4297
2 4325
2 4354
2 4359
2 4361
2 4397
2 4411
2 4419
2 4497
2 4546
2 4552
2 4565
2 4569
2 4595
2 4630
2 4671
2 4711
2 4741
2 4753
2 4761
2 4766
2 4789
2 4795
2 4799
2 4811
2 4830
2 4831
2 4834
2 4837
2 4838
2 4852
2 4903
2 71
2 244
2 175
2 3
2 232
2 108
2 52
2 127
2 27
2 34
2 173
2 16
2 164
2 13
2 62
2 6
2 95
2 81
2 130
2 168
2 8
2 39
2 7
2 174
2 4
2 42
2 33
2 243
2 176
2 163
2 51
2 26
2 72
2 17
2 12
2 203
2 128
2 200
2 190
2 169
2 44
2 19
2 102
2 77
2 43
2 185
2 116
2 158
2 110
2 123
2 5
2 145
2 28
2 121
2 226
2 55
2 50
2 100
2 236
2 41
2 40
2 24
2 86
2 78
2 88
2 30
2 154
2 32
2 136
2 157
2 118
2 211
2 166
2 79
2 213
2 156
2 178
2 152
2 93
2 25
2 74
2 59
2 61
2 209
2 192
2 181
2 162
2 182
2 171
2 69
2 180
2 215
3 5
3 17
3 50
3 61
3 63
3 81
3 106
3 110
3 113
3 124
3 156
3 159
3 171
3 195
3 206
3 212
3 224
3 234
3 261
3 275
3 278
3 302
3 334
3 413
3 429
3 442
3 468
3 483
3 484
3 501
3 537
3 551
3 556
3 596
3 612
3 638
3 643
3 670
3 679
3 680
3 722
3 727
3 739
3 769
3 784
3 842
3 855
3 866
3 880
3 903
3 918
3 947
3 989
3 1005
3 1019
3 1027
3 1056
3 1068
3 1070
3 1079
3 1110
3 1112
3 1137
3 1162
3 1166
3 1178
3 1192
3 1226
3 1250
3 1253
3 1268
3 1294
3 1303
3 1341
3 1345
3 1351
3 1364
3 1415
3 1421
3 1437
3 1452
3 1483
3 1514
3 1520
3 1532
3 1570
3 1580
3 1664
3 1666
3 1701
3 1737
3 1757
3 1777
3 1785
3 1862
3 1870
3 1871
3 1898
3 1913
3 1944
3 1958
3 1963
3 1970
3 2011
3 2020
3 2077
3 2081
3 2091
3 2115
3 2123
3 2131
3 2172
3 2183
3 2206
3 2261
3 2264
3 2304
3 2336
3 2350
3 2352
3 2358
3 2386
3 2395
3 2424
3 2464
3 2469
3 2548
3 2551
3 2566
3 2576
3 2580
3 2609
3 2641
3 2645
3 2656
3 2669
3 2673
3 2684
3 2689
3 2769
3 2794
3 2836
3 2955
3 2957
3 2988
3 3042
3 3082
3 3087
3 3121
3 3135
3 3186
3 3197
3 3208
3 3220
3 3238
3 3258
3 3296
3 3306
3 3308
3 3335
3 3366
3 3375
3 3385
3 3391
3 3398
3 3419
3 3426
3 3452
3 3476
3 3489
3 3525
3 3538
3 3549
3 3597
3 3634
3 3655
3 3658
3 3682
3 3684
3 3689
3 3694
3 3695
3 3760
3 3763
3 3765
3 3768
3 3810
3 3837
3 3848
3 3849
3 3852
3 3876
3 3913
3 3950
3 3985
3 4009
3 4015
3 4049
3 4087
3 4096
3 4111
3 4119
3 4141
3 4150
3 4155
3 4156
3 4168
3 4185
3 4189
3 4197
3 4247
3 4255
3 4257
3 4273
3 4292
3 4312
3 4326
3 4339
3 4343
3 4349
3 4374
3 4388
3 4389
3 4426
3 4429
3 4478
3 4532
3 4534
3 4543
3 4549
3 4562
3 4564
3 4580
3 4600
3 4621
3 4629
3 4635
3 4656
3 4662
3 4696
3 4705
3 4706
3 4729
3 4770
3 4781
3 4819
3 4824
3 4848
3 4849
3 4856
3 4901
3 132
3 103
3 203
3 73
3 42
3 60
3 226
3 107
3 6
3 127
3 141
3 225
3 109
3 18
3 152
3 242
3 80
3 204
3 35
3 51
3 52
3 150
3 22
3 202
3 185
3 176
3 102
3 16
3 46
3 79
3 199
3 145
3 4
3 12
3 172
3 228
3 128
3 223
3 144
3 179
3 14
3 230
3 197
3 236
3 237
3 71
3 45
3 175
3 137
3 30
3 58
3 222
3 216
3 21
3 97
4 16
4 24
4 31
4 46
4 56
4 65
4 92
4 154
4 175
4 191
4 230
4 255
4 292
4 332
4 336
4 380
4 400
4 454
4 487
4 507
4 533
4 562
4 569
4 659
4 668
4 696
4 733
4 736
4 763
4 796
4 816
4 833
4 910
4 927
4 931
4 940
4 993
4 1032
4 1041
4 1075
4 1077
4 1141
4 1174
4 1188
4 1195
4 1212
4 1221
4 1252
4 1344
4 1374
4 1414
4 1417
4 1449
4 1474
4 1513
4 1518
4 1577
4 1586
4 1626
4 1640
4 1646
4 1689
4 1734
4 1738
4 1745
4 1775
4 1789
4 1808
4 1821
4 1841
4 1960
4 1964
4 1969
4 2016
4 2025
4 2073
4 2107
4 2120
4 2145
4 2160
4 2223
4 2283
4 2434
4 2452
4 2485
4 2490
4 2502
4 2523
4 2560
4 2586
4 2590
4 2594
4 2632
4 2651
4 2655
4 2683
4 2733
4 2743
4 2755
4 2758
4 2763
4 2764
4 2830
4 2898
4 2918
4 2941
4 2999
4 3001
4 3038
4 3046
4 3050
4 3052
4 3098
4 3112
4 3137
4 3200
4 3225
4 3277
4 3302
4 3319
4 3431
4 3456
4 3510
4 3513
4 3592
4 3619
4 3647
4 3803
4 3805
4 3827
4 3831
4 3843
4 3867
4 3874
4 3896
4 3956
4 3992
4 3995
4 4040
4 4046
4 4070
4 4148
4 4187
4 4213
4 4259
4 4261
4 4279
4 4304
4 4330
4 4457
4 4461
4 4474
4 4479
4 4491
4 4518
4 4521
4 4578
4 4585
4 4627
4 4634
4 4655
4 4736
4 4864
4 4902
4 4904
4 163
4 69
4 134
4 77
4 82
4 224
4 80
4 119
4 190
4 120
4 110
4 29
4 148
4 66
4 25
4 48
4 6
4 122
4 206
4 40
4 103
4 86
4 8
4 61
4 202
4 62
4 71
4 104
4 59
4 112
4 166
4 93
4 242
4 81
4 125
4 98
4 158
4 196
4 151
4 173
4 42
4 10
4 37
4 180
4 114
4 20
4 216
4 22
4 174
4 228
4 73
4 150
4 215
4 79
4 28
4 240
4 136
4 44
4 162
4 60
4 78
4 49
4 17
4 32
4 205
4 225
4 164
4 105
4 142
4 121
4 18
4 207
5 11
5 54
5 64
5 90
5 114
5 180
5 193
5 201
5 237
5 276
5 348
5 401
5 406
5 440
5 470
5 557
5 563
5 605
5 608
5 609
5 654
5 656
5 749
5 788
5 829
5 868
5 965
5 1007
5 1023
5 1029
5 1093
5 1131
5 1350
5 1419
5 1424
5 1441
5 1543
5 1639
5 1645
5 1673
5 1683
5 1802
5 1839
5 1858
5 1889
5 1930
5 1945
5 1961
5 1971
5 1990
5 2002
5 2006
5 2021
5 2102
5 2112
5 2130
5 2143
5 2222
5 2245
5 2305
5 2322
5 2341
5 2387
5 2417
5 2432
5 2448
5 2483
5 2509
5 2714
5 2730
5 2808
5 2818
5 2876
5 2897
5 2932
5 2943
5 2954
5 2958
5 2977
5 3065
5 3110
5 3115
5 3138
5 3181
5 3203
5 3222
5 3290
5 3320
5 3362
5 3396
5 3402
5 3437
5 3439
5 3450
5 3483
5 3506
5 3635
5 3657
5 3660
5 3832
5 3839
5 3861
5 3940
5 3983
5 4002
5 4004
5 4012
5 4029
5 4034
5 4064
5 4242
5 4263
5 4310
5 4317
5 4376
5 4386
5 4481
5 4509
5 4535
5 4556
5 4586
5 4587
5 4616
5 4640
5 4649
5 4668
5 4695
5 4702
5 4709
5 4724
5 4806
5 4851
5 4871
5 4881
5 183
5 29
5 105
5 6
5 122
5 52
5 86
5 35
5 20
5 72
5 123
5 243
5 121
5 113
5 42
5 43
5 175
5 133
5 210
5 74
5 227
5 69
5 196
5 240
5 59
5 205
5 36
5 75
5 150
5 109
5 23
5 216
5 61
5 17
5 198
5 28
5 226
5 15
5 16
5 63
5 48
5 62
5 190
5 165
5 225
5 131
5 134
5 118
5 206
5 38
5 108
5 68
5 116
5 31
5 26
5 110
5 138
5 70
5 9
5 7
5 78
5 99
6 42
6 108
6 133
6 166
6 252
6 287
6 312
6 351
6 567
6 570
6 574
6 611
6 686
6 726
6 747
6 819
6 840
6 873
6 998
6 1025
6 1052
6 1067
6 1180
6 1204
6 1218
6 1220
6 1230
6 1243
6 1269
6 1281
6 1340
6 1343
6 1428
6 1446
6 1472
6 1541
6 1592
6 1648
6 1652
6 1685
6 1708
6 1722
6 1829
6 1843
6 1881
6 1892
6 1915
6 1994
6 2009
6 2023
6 2044
6 2093
6 2161
6 2173
6 2224
6 2226
6 2232
6 2241
6 2250
6 2253
6 2298
6 2383
6 2399
6 2408
6 2447
6 2463
6 2466
6 2529
6 2558
6 2559
6 2572
6 2579
6 2606
6 2620
6 2674
6 2682
6 2699
6 2760
6 2801
6 2804
6 2819
6 2820
6 2851
6 2933
6 2946
6 2968
6 2996
6 3018
6 3085
6 3088
6 3165
6 3177
6 3210
6 3216
6 3252
6 3321
6 3351
6 3441
6 3534
6 3575
6 3636
6 3718
6 3748
6 3822
6 3881
6 3882
6 3888
6 3898
6 3916
6 3921
6 3934
6 3935
6 3972
6 4006
6 4013
6 4056
6 4067
6 4108
6 4114
6 4268
6 4295
6 4334
6 4394
6 4421
6 4555
6 4609
6 4623
6 4667
6 4672
6 4678
6 4683
6 4730
6 4763
6 4876
6 4884
6 140
6 153
6 195
6 43
6 167
6 124
6 13
6 45
6 190
6 160
6 87
6 53
6 60
6 79
6 82
6 39
6 115
6 200
6 214
6 129
6 73
6 55
6 207
6 93
6 11
6 17
6 106
6 234
6 72
6 25
7 35
7 107
7 121
7 163
7 184
7 185
7 204
7 259
7 266
7 354
7 361
7 369
7 378
7 416
7 490
7 560
7 583
7 587
7 623
7 631
7 682
7 698
7 720
7 759
7 871
7 908
7 968
7 1004
7 1006
7 1085
7 1100
7 1115
7 1199
7 1326
7 1450
7 1476
7 1512
7 1524
7 1539
7 1565
7 1572
7 1612
7 1823
7 1852
7 1869
7 2058
7 2060
7 2062
7 2257
7 2347
7 2367
7 2471
7 2495
7 2528
7 2619
7 2625
7 2647
7 2668
7 2776
7 2848
7 2863
7 2978
7 3003
7 3004
7 3084
7 3156
7 3161
7 3274
7 3413
7 3503
7 3560
7 3591
7 3631
7 3777
7 3887
7 3908
7 3947
7 4030
7 4047
7 4120
7 4246
7 4266
7 4328
7 4351
7 4363
7 4404
7 4431
7 4435
7 4488
7 4511
7 4554
7 4571
7 4574
7 4693
7 4805
7 4832
7 4888
7 16
7 109
7 76
7 139
7 53
7 164
7 234
7 11
7 103
7 131
7 32
7 75
7 58
7 167
7 40
7 88
7 141
7 182
7 133
7 45
7 136
7 217
7 113
7 31
7 87
7 245
7 208
7 28
7 13
7 224
7 89
7 220
7 90
7 44
7 80
7 156
7 198
7 168
7 237
7 50
7 9
7 10
7 197
7 85
7 158
7 147
7 23
7 129
7 122
8 71
8 227
8 256
8 291
8 310
8 352
8 407
8 431
8 500
8 528
8 704
8 742
8 813
8 872
8 1002
8 1011
8 1080
8 1086
8 1133
8 1146
8 1169
8 1198
8 1329
8 1440
8 1477
8 1480
8 1490
8 1533
8 1608
8 1609
8 1632
8 1681
8 1698
8 1719
8 1799
8 1846
8 1867
8 1876
8 1941
8 2055
8 2125
8 2169
8 2229
8 2286
8 2345
8 2468
8 2478
8 2540
8 2561
8 2644
8 2729
8 2825
8 2844
8 2854
8 2929
8 2936
8 2939
8 2940
8 2944
8 2976
8 2991
8 3053
8 3103
8 3159
8 3187
8 3209
8 3226
8 3281
8 3292
8 3326
8 3339
8 3387
8 3422
8 3464
8 3487
8 3601
8 3672
8 3678
8 3702
8 3750
8 3919
8 3925
8 3996
8 4094
8 4183
8 4215
8 4235
8 4256
8 4258
8 4267
8 4278
8 4309
8 4311
8 4329
8 4427
8 4494
8 4503
8 4510
8 4631
8 4746
8 4764
8 4787
8 4866
8 4868
8 4893
8 188
8 222
8 105
8 66
8 158
8 137
8 128
8 106
8 58
8 11
8 41
8 219
8 148
8 109
8 80
8 197
8 164
8 216
8 26
8 144
8 127
8 183
8 89
8 220
8 167
9 168
9 202
9 211
9 309
9 452
9 479
9 508
9 534
9 591
9 683
9 762
9 767
9 858
9 881
9 961
9 980
9 996
9 1040
9 1066
9 1091
9 1103
9 1147
9 1153
9 1208
9 1232
9 1317
9 1360
9 1399
9 1571
9 1818
9 1826
9 1874
9 1894
9 1902
9 1999
9 2047
9 2129
9 2179
9 2233
9 2236
9 2337
9 2351
9 2380
9 2553
9 2612
9 2715
9 2740
9 2751
9 2757
9 2792
9 2934
9 2967
9 3002
9 3023
9 3034
9 3049
9 3089
9 3097
9 3140
9 3148
9 3247
9 3298
9 3345
9 3368
9 3369
9 3493
9 3544
9 3574
9 3594
9 3641
9 3662
9 3741
9 3820
9 3828
9 4010
9 4102
9 4162
9 4202
9 4319
9 4327
9 4425
9 4459
9 4500
9 4572
9 4725
9 67
9 212
9 18
9 31
9 28
9 62
9 126
9 101
9 204
9 69
9 240
9 39
9 176
9 12
9 121
9 131
9 16
9 19
9 166
9 57
9 116
9 33
9 129
9 80
9 40
9 243
9 93
9 54
9 140
9 108
9 144
9 228
10 55
10 104
10 135
10 289
10 294
10 367
10 395
10 455
10 481
10 503
10 579
10 602
10 642
10 648
10 700
10 737
10 862
10 1111
10 1183
10 1206
10 1322
10 1369
10 1373
10 1375
10 1487
10 1501
10 1705
10 1735
10 1755
10 1806
10 1886
10 1977
10 2146
10 2149
10 2321
10 2378
10 2397
10 2407
10 2413
10 2563
10 2592
10 2680
10 2726
10 2802
10 2952
10 3192
10 3267
10 3348
10 3372
10 3429
10 3433
10 3499
10 3543
10 3599
10 3626
10 3679
10 3977
10 4079
10 4115
10 4128
10 4142
10 4289
10 4318
10 4373
10 4380
10 4495
10 4505
10 4516
10 4775
10 4907
10 73
10 90
10 95
10 206
10 148
10 33
10 15
10 92
10 39
10 20
10 167
10 234
10 34
10 12
10 44
10 155
10 222
10 48
10 51
10 179
10 134
10 137
10 122
10 203
10 195
10 208
10 110
10 152
10 119
10 108
10 197
10 54
10 67
10 198
10 245
10 76
10 102
11 23
11 49
11 87
11 101
11 145
11 218
11 221
11 251
11 303
11 428
11 438
11 467
11 512
11 515
11 576
11 581
11 624
11 676
11 766
11 960
11 1003
11 1069
11 1145
11 1245
11 1259
11 1276
11 1282
11 1383
11 1400
11 1408
11 1413
11 1497
11 1519
11 1583
11 1631
11 1772
11 1774
11 1854
11 1927
11 1987
11 1995
11 2005
11 2270
11 2294
11 2384
11 2512
11 2532
11 2546
11 2575
11 2692
11 2750
11 2771
11 2829
11 2845
11 2864
11 2916
11 2925
11 3019
11 3261
11 3363
11 3415
11 3430
11 3654
11 3801
11 3959
11 4145
11 4163
11 4165
11 4201
11 4296
11 4320
11 4358
11 4360
11 4477
11 4865
11 13
11 18
11 30
11 57
11 86
11 144
11 232
11 19
11 65
11 27
11 56
11 12
11 20
11 16
11 135
11 15
11 106
11 64
11 176
11 40
11 160
12 20
12 80
12 142
12 183
12 635
12 936
12 1018
12 1119
12 1135
12 1140
12 1598
12 1611
12 1751
12 1794
12 1805
12 1815
12 2132
12 2243
12 2272
12 2275
12 2292
12 2338
12 2467
12 2487
12 2516
12 2775
12 2871
12 2920
12 2923
12 2995
12 3027
12 3030
12 3036
12 3043
12 3094
12 3151
12 3528
12 3565
12 3639
12 3661
12 3743
12 3871
12 3914
12 4036
12 4212
12 4237
12 4260
12 4372
12 4515
12 4607
12 4675
12 4684
12 4734
12 4844
12 4910
12 214
12 197
12 100
12 87
12 49
12 215
12 22
12 219
12 242
12 94
12 40
12 154
12 238
12 161
12 148
12 186
12 140
12 135
12 118
12 102
12 187
12 42
12 92
12 88
12 16
12 198
12 26
12 77
12 168
12 180
12 105
12 81
12 178
13 19
13 85
13 231
13 311
13 627
13 755
13 838
13 988
13 1022
13 1129
13 1216
13 1223
13 1271
13 1304
13 1315
13 1470
13 1601
13 1675
13 1855
13 2185
13 2193
13 2214
13 2230
13 2235
13 2455
13 2846
13 2935
13 2974
13 2998
13 3054
13 3064
13 3079
13 3146
13 3205
13 3266
13 3350
13 3386
13 3547
13 3638
13 3755
13 3902
13 4058
13 4073
13 4224
13 4232
13 4284
13 4384
13 4517
13 4548
13 4752
13 4875
13 52
13 184
13 55
13 214
13 216
13 57
13 145
13 165
13 53
13 68
13 48
13 41
13 16
13 39
13 63
13 157
13 79
13 71
13 24
13 120
13 32
13 83
13 206
13 147
13 182
13 33
13 215
13 198
13 105
13 158
13 88
14 44
14 69
14 225
14 277
14 320
14 329
14 353
14 408
14 870
14 943
14 967
14 1009
14 1012
14 1123
14 1203
14 1238
14 1262
14 1354
14 1463
14 1566
14 1939
14 1954
14 2072
14 2168
14 2234
14 2312
14 2371
14 2480
14 2499
14 2556
14 2886
14 2894
14 2956
14 2972
14 3414
14 3467
14 3885
14 4175
14 4250
14 4299
14 4573
14 4858
14 4863
14 57
14 18
14 30
14 211
14 70
14 179
14 207
14 48
14 16
14 156
14 127
14 42
14 23
14 226
14 126
14 110
14 74
14 164
14 186
14 232
14 213
14 192
14 125
14 72
14 167
14 71
14 97
14 24
14 147
14 40
14 62
14 166
14 180
14 105
14 145
14 95
14 27
15 18
15 93
15 223
15 241
15 265
15 272
15 285
15 296
15 459
15 754
15 985
15 1058
15 1233
15 1328
15 1498
15 1613
15 1620
15 1623
15 1716
15 1721
15 1728
15 1753
15 1817
15 1840
15 2144
15 2242
15 2456
15 2519
15 2587
15 2753
15 3202
15 3555
15 3617
15 3633
15 3728
15 3734
15 3742
15 3825
15 3939
15 3979
15 4082
15 4135
15 4178
15 4276
15 4442
15 4446
15 4536
15 4626
15 4833
15 4845
15 4896
15 203
15 76
15 64
15 123
15 70
15 23
15 86
15 28
15 94
15 235
15 32
15 187
15 87
15 37
15 206
15 161
15 95
15 238
15 243
15 118
15 141
15 99
16 116
16 151
16 192
16 346
16 473
16 531
16 545
16 664
16 863
16 983
16 986
16 1043
16 1258
16 1442
16 1553
16 1574
16 1669
16 1697
16 1845
16 1890
16 1938
16 1972
16 2238
16 2273
16 2421
16 2475
16 2515
16 2536
16 2650
16 3206
16 3235
16 3289
16 3316
16 3376
16 3610
16 3731
16 3746
16 3774
16 3779
16 3811
16 4018
16 4055
16 4291
16 4342
16 4612
16 4669
16 4690
16 4784
16 4915
16 62
16 184
16 84
16 160
16 134
16 70
16 169
16 100
16 245
16 47
16 244
16 67
16 200
17 117
17 131
17 513
17 628
17 640
17 783
17 857
17 865
17 955
17 1464
17 1582
17 1596
17 1937
17 2097
17 2139
17 2330
17 2577
17 2588
17 2589
17 2859
17 3214
17 3236
17 3303
17 3370
17 3424
17 3488
17 3566
17 3571
17 3603
17 3625
17 3987
17 4110
17 4193
17 4211
17 4338
17 4660
17 4680
17 4737
17 162
17 82
17 35
17 42
17 102
17 21
17 44
17 57
17 163
17 20
17 118
17 204
17 96
17 81
17 230
17 157
17 107
17 128
17 23
17 159
17 48
17 22
17 58
17 234
17 87
18 343
18 398
18 598
18 603
18 734
18 930
18 945
18 1053
18 1109
18 1273
18 1314
18 1319
18 1528
18 1554
18 1820
18 2101
18 2217
18 2260
18 2425
18 2436
18 2477
18 2742
18 2834
18 2837
18 3009
18 3028
18 3072
18 3091
18 3117
18 3337
18 3531
18 3834
18 3906
18 3968
18 3991
18 4051
18 4130
18 4200
18 4244
18 4314
18 4367
18 4466
18 4654
18 4685
18 4691
18 217
18 93
18 76
18 67
18 130
18 220
18 104
18 23
18 167
18 193
18 60
18 170
18 192
18 44
19 226
19 246
19 318
19 526
19 604
19 757
19 856
19 958
19 1407
19 1499
19 1504
19 1558
19 1562
19 1901
19 1962
19 2208
19 2501
19 2595
19 2661
19 2691
19 2827
19 2880
19 3336
19 3770
19 3904
19 3917
19 4254
19 4512
19 4622
19 4682
19 4701
19 26
19 66
19 109
19 160
19 52
19 27
19 114
19 95
19 75
19 41
19 77
19 49
19 116
19 30
19 174
19 124
19 198
19 69
19 115
19 47
19 87
19 165
19 111
19 25
19 164
19 136
19 92
20 41
20 122
20 249
20 397
20 620
20 706
20 750
20 807
20 809
20 812
20 1013
20 1021
20 1159
20 1286
20 1296
20 1551
20 1552
20 1702
20 1832
20 2095
20 2136
20 2289
20 2299
20 2416
20 2443
20 2605
20 2911
20 2982
20 3105
20 3123
20 3169
20 3191
20 3327
20 3330
20 3482
20 3496
20 3527
20 3677
20 3685
20 3686
20 3800
20 3804
20 3915
20 4468
20 4557
20 4749
20 4905
20 100
20 243
20 46
20 136
20 211
20 173
20 142
21 129
21 539
21 544
21 919
21 1030
21 1185
21 1396
21 1707
21 1710
21 1791
21 1835
21 1980
21 2153
21 2293
21 2310
21 2614
21 2788
21 3040
21 3143
21 3219
21 3268
21 3343
21 3514
21 3545
21 3588
21 3713
21 3838
21 3957
21 3960
21 4020
21 4063
21 4107
21 4233
21 4332
21 4378
21 4387
21 4485
21 4778
21 4809
21 4817
21 4825
21 209
21 125
21 30
21 107
21 131
21 80
21 54
21 146
21 43
21 71
21 194
21 176
21 142
21 68
22 219
22 379
22 841
22 1261
22 1522
22 1630
22 1740
22 1883
22 2022
22 2054
22 2140
22 2171
22 2313
22 2357
22 2530
22 2535
22 2608
22 2796
22 2893
22 2903
22 2950
22 2959
22 3068
22 3453
22 3621
22 3716
22 3823
22 4019
22 4379
22 4537
22 4661
22 4909
22 153
22 95
22 96
22 72
22 80
22 78
22 83
22 56
22 111
22 55
22 59
22 127
22 66
22 84
22 70
22 169
22 37
22 50
23 169
23 210
23 235
23 290
23 433
23 486
23 522
23 546
23 663
23 821
23 875
23 1101
23 1457
23 1493
23 1578
23 1926
23 2148
23 2191
23 2290
23 2302
23 2441
23 2626
23 2815
23 2942
23 3221
23 3451
23 3922
23 3971
23 3998
23 4007
23 4139
23 4689
23 4704
23 4740
23 238
23 106
23 118
23 110
23 193
23 87
23 117
23 215
23 82
23 187
23 72
24 79
24 178
24 286
24 293
24 306
24 388
24 715
24 888
24 964
24 1313
24 1670
24 1864
24 1887
24 1917
24 1940
24 2018
24 2074
24 2256
24 2307
24 2700
24 2772
24 3223
24 3255
24 3673
24 3826
24 3994
24 3999
24 4483
24 4522
24 4618
24 4653
24 4712
24 4783
24 4846
24 4869
24 160
24 169
24 146
24 82
24 78
24 51
24 230
24 182
24 200
24 60
24 107
25 268
25 420
25 489
25 493
25 550
25 552
25 810
25 831
25 843
25 882
25 1090
25 1267
25 1410
25 1658
25 1696
25 2094
25 2300
25 2433
25 2445
25 2707
25 2770
25 2813
25 2842
25 2865
25 2927
25 2980
25 3132
25 3231
25 3233
25 3315
25 3642
25 3930
25 3964
25 4097
25 4195
25 4538
25 4754
25 4879
25 103
25 58
25 52
25 54
25 233
25 200
25 63
26 344
26 1033
26 1469
26 1699
26 1795
26 2015
26 2170
26 2210
26 2259
26 2268
26 2353
26 2568
26 2675
26 2695
26 2778
26 3269
26 3299
26 3317
26 3442
26 3455
26 3676
26 3739
26 4032
26 4151
26 4298
26 4454
26 4467
26 4529
26 4748
26 4870
26 57
26 217
26 124
26 84
26 64
26 193
26 239
26 85
26 234
26 183
26 188
26 33
27 97
27 149
27 281
27 376
27 477
27 818
27 929
27 1046
27 1251
27 1257
27 1382
27 1468
27 1575
27 1908
27 2004
27 2633
27 2660
27 3551
27 3772
27 3883
27 3952
27 4248
27 4331
27 4490
27 212
27 90
27 81
27 126
27 49
27 165
27 239
27 235
27 206
27 45
27 178
27 118
27 100
27 109
27 169
27 29
27 83
28 349
28 357
28 427
28 590
28 772
28 791
28 912
28 997
28 1311
28 1363
28 1842
28 2075
28 2756
28 2814
28 3012
28 3195
28 3340
28 3449
28 3470
28 3494
28 3648
28 3671
28 4306
28 4812
28 139
28 92
28 98
28 125
28 178
28 84
28 165
28 160
28 212
28 82
28 91
28 151
28 45
28 140
28 74
29 179
29 205
29 228
29 305
29 449
29 641
29 702
29 900
29 909
29 935
29 957
29 1122
29 1346
29 1425
29 1616
29 1679
29 1695
29 1797
29 1838
29 2382
29 2440
29 2630
29 2667
29 3033
29 3080
29 3259
29 3365
29 3475
29 3509
29 3580
29 3663
29 3729
29 3886
29 4226
29 4303
29 4356
29 4462
29 4507
29 108
29 110
30 73
30 161
30 300
30 393
30 532
30 760
30 835
30 1379
30 1409
30 1427
30 1594
30 1767
30 1861
30 2057
30 2182
30 2199
30 2278
30 2521
30 2565
30 2781
30 2839
30 3136
30 3178
30 3356
30 3628
30 3776
30 3806
30 4074
30 4099
30 4366
30 4544
30 4560
30 4892
30 4897
30 107
31 520
31 524
31 617
31 1000
31 1150
31 1406
31 1418
31 1606
31 1692
31 1814
31 2084
31 2104
31 2288
31 2388
31 2465
31 2570
31 2741
31 3595
31 3627
31 3644
31 3688
31 3723
31 3866
31 3978
31 4000
31 4285
31 4484
31 4642
31 4840
31 4885
31 109
31 84
31 186
31 65
31 93
31 40
32 214
32 340
32 600
32 719
32 803
32 1047
32 1063
32 1078
32 1104
32 1241
32 1556
32 1588
32 1637
32 1752
32 1959
32 2189
32 2287
32 2525
32 2703
32 2907
32 3032
32 3446
32 3532
32 3646
32 3690
32 3717
32 3740
32 3936
32 3966
32 4028
32 4106
32 4471
32 4765
32 75
33 91
33 364
33 494
33 785
33 820
33 925
33 1036
33 1154
33 1191
33 1254
33 1661
33 1893
33 2048
33 2080
33 2419
33 2573
33 2812
33 2921
33 2970
33 3066
33 3073
33 3196
33 3338
33 3651
33 3790
33 3875
33 3933
33 3973
33 4072
33 4206
33 4602
33 4859
33 207
34 405
34 509
34 644
34 735
34 806
34 916
34 1225
34 1361
34 1390
34 1511
34 1662
34 1663
34 1746
34 1809
34 2534
34 2705
34 2961
34 3051
34 3304
34 3548
34 3562
34 3844
34 4674
34 4727
34 195
34 146
34 228
34 209
34 42
34 189
34 44
34 46
34 68
34 49
34 105
35 48
35 666
35 1028
35 2106
35 2271
35 2296
35 2349
35 2482
35 2872
35 3014
35 3158
35 3615
35 3700
35 3840
35 4152
35 4166
35 4455
35 4716
35 4718
35 4750
35 4772
35 4808
35 4878
35 101
35 239
35 82
35 145
35 97
35 126
35 140
35 75
35 43
36 136
36 140
36 264
36 273
36 896
36 1266
36 1295
36 1726
36 1742
36 1956
36 2418
36 2593
36 2676
36 2914
36 3512
36 3573
36 3581
36 3593
36 3795
36 3907
36 4011
36 4052
36 4153
36 4605
36 4697
36 4739
36 4912
36 183
36 167
36 45
36 146
36 180
36 39
36 215
37 45
37 392
37 721
37 852
37 907
37 1055
37 1161
37 1165
37 1305
37 1466
37 1521
37 1644
37 1974
37 1986
37 2105
37 2157
37 2205
37 2370
37 2506
37 2584
37 3640
37 4037
37 4346
37 4480
37 4673
37 4768
37 4800
37 117
37 43
37 130
37 103
38 341
38 792
38 1010
38 1114
38 1157
38 1283
38 2041
38 2119
38 2188
38 2913
38 3026
38 3873
38 4125
38 4241
38 4617
38 4758
38 4788
38 235
38 96
38 100
38 151
38 55
38 198
38 78
38 72
38 162
38 159
38 106
38 146
38 213
38 109
38 161
39 170
39 412
39 425
39 497
39 811
39 1747
39 1807
39 1828
39 1872
39 1909
39 1935
39 2765
39 2785
39 2883
39 3096
39 3188
39 3193
39 3786
39 4161
39 4345
39 4392
39 4506
39 4677
39 4829
39 4882
39 4898
39 100
39 61
40 238
40 558
40 790
40 828
40 999
40 1089
40 2446
40 2852
40 2874
40 3537
40 3630
40 3773
40 4860
40 167
40 85
40 66
40 233
40 62
40 146
40 69
40 161
40 207
40 87
40 92
41 194
41 269
41 701
41 771
41 805
41 889
41 1092
41 1138
41 1455
41 1677
41 1686
41 1831
41 1916
41 2166
41 2823
41 3271
41 4003
41 4553
41 4855
41 166
41 52
41 170
41 68
41 97
41 101
41 222
42 565
42 899
42 987
42 1184
42 1235
42 1277
42 1380
42 1459
42 1712
42 2067
42 2343
42 3179
42 3596
42 4014
42 4093
42 4203
42 4225
42 4271
42 4357
42 4611
42 4895
42 191
43 315
43 502
43 589
43 1149
43 1200
43 1207
43 1366
43 1591
43 1989
43 2069
43 2258
43 2704
43 2800
43 3077
43 3280
43 3500
43 3622
43 3759
43 4385
43 4899
43 75
43 44
43 165
43 126
43 194
44 687
44 1037
44 1139
44 1278
44 1356
44 1788
44 1950
44 2811
44 3262
44 3331
44 3388
44 3411
44 3479
44 3931
44 4133
44 4348
44 4398
44 4601
44 75
44 48
45 123
45 383
45 814
45 1160
45 1776
45 2276
45 2917
45 2986
45 3329
45 3561
45 3736
45 3745
45 4136
45 4290
45 4422
45 4886
45 234
45 57
45 151
45 96
45 238
45 64
46 158
46 203
46 381
46 758
46 1120
46 1332
46 1790
46 1811
46 1993
46 2503
46 2615
46 2634
46 2739
46 3022
46 3353
46 3444
46 3733
46 4647
46 4751
46 4782
46 4836
46 192
46 47
46 117
47 370
47 1130
47 1164
47 1371
47 1647
47 1671
47 2008
47 2117
47 2320
47 2420
47 2809
47 3083
47 3184
47 3352
47 3526
47 3704
47 4550
47 4889
47 4906
47 182
47 53
47 80
47 217
47 114
48 886
48 1197
48 1584
48 1617
48 1822
48 1921
48 2083
48 2109
48 2866
48 2885
48 4272
48 4375
48 4456
48 4464
48 4883
48 177
48 84
48 85
48 53
48 87
49 297
49 386
49 496
49 511
49 1641
49 1691
49 1792
49 2028
49 3228
49 3361
49 3447
49 3757
49 3846
49 4563
49 4589
49 77
49 93
49 64
49 195
49 57
49 90
49 97
50 426
50 462
50 472
50 619
50 667
50 901
50 1008
50 1991
50 2186
50 2437
50 2454
50 3699
50 3785
50 4001
50 4676
50 4719
50 164
50 160
50 64
50 96
50 177
50 165
51 419
51 1649
51 1882
51 2127
51 2724
51 2805
51 3407
51 3650
51 4098
51 4472
51 91
51 125
51 109
51 74
51 192
51 69
51 79
51 216
51 233
51 209
51 217
51 238
52 208
52 417
52 464
52 669
52 801
52 1020
52 1034
52 1330
52 1540
52 1622
52 1653
52 2103
52 2369
52 2500
52 2585
52 3207
52 3260
52 4581
52 4791
53 186
53 220
53 1306
53 1918
53 2279
53 3107
53 3130
53 3629
53 3744
53 4154
53 4210
53 4645
53 4721
53 4887
53 179
53 120
53 169
53 240
53 189
53 193
54 1924
54 2045
54 2850
54 2900
54 3045
54 3732
54 3951
54 4713
54 147
54 117
54 155
54 151
54 165
54 174
54 200
54 122
54 118
54 150
54 70
54 217
55 394
55 972
55 1144
55 1404
55 2039
55 2710
55 2984
55 3166
55 4541
55 4644
55 4797
55 160
55 89
55 57
55 184
55 170
55 141
55 173
56 111
56 657
56 1338
56 3190
56 3287
56 3355
56 3970
56 4041
56 4502
56 4520
56 238
56 57
56 101
56 117
56 80
56 96
56 74
56 132
56 78
56 108
56 64
57 529
57 1475
57 1761
57 2375
57 2787
57 3037
57 3997
57 4219
57 4539
57 77
57 58
57 63
58 423
58 797
58 1301
58 1357
58 1643
58 1778
58 1850
58 3086
58 3108
58 3120
58 3251
58 3652
58 3865
58 3878
58 4137
58 4172
58 4525
58 91
59 595
59 887
59 1246
59 1714
59 1793
59 2390
59 2712
59 4628
59 4760
59 4835
59 61
59 170
59 85
59 95
59 145
59 118
59 159
59 114
59 194
59 104
60 233
60 430
60 505
60 773
60 966
60 976
60 1976
60 2019
60 2277
60 2295
60 2311
60 2826
60 3738
60 3862
60 3941
60 4699
61 1381
61 1614
61 1618
61 1665
61 1899
61 2783
61 3167
61 3318
61 3845
61 4324
61 4390
61 4545
61 4710
61 124
61 81
61 65
62 327
62 775
62 1433
62 1682
62 2309
62 2342
62 2637
62 2780
62 2877
62 4590
62 4777
62 4827
62 194
62 159
62 104
63 1619
63 1659
63 1885
63 2266
63 2461
63 2622
63 2721
63 2786
63 3572
63 4465
63 230
63 71
63 122
63 84
63 119
63 204
63 192
64 245
64 684
64 975
64 1358
64 2945
64 3384
64 3667
64 3891
64 4434
64 4873
64 65
64 108
64 155
64 74
65 564
65 1186
65 1510
65 1517
65 1593
65 1851
65 1863
65 2209
65 2496
65 3265
65 3556
65 3712
65 4222
65 4440
65 111
65 74
66 1024
66 1151
66 1187
66 1189
66 1438
66 1942
66 2050
66 2393
66 2643
66 3111
66 3354
66 3813
66 4353
66 4460
67 271
67 424
67 495
67 553
67 1060
67 1073
67 2201
67 2822
67 2890
67 3199
67 3378
67 3435
67 3879
67 4336
67 4643
67 4913
68 362
68 723
68 1121
68 1148
68 1810
68 2076
68 2498
68 3168
68 3758
68 4337
68 4604
68 4804
68 91
68 103
68 95
69 284
69 699
69 830
69 1116
69 1748
69 1758
69 2225
69 2711
69 3041
69 3272
69 3282
69 4412
70 100
70 360
70 435
70 636
70 639
70 765
70 1031
70 1126
70 1949
70 2841
70 96
70 124
70 170
71 387
71 850
71 1219
71 1403
71 1537
71 2061
71 2646
71 2831
71 3868
71 4436
71 4519
72 1741
72 1816
72 2013
72 2088
72 2326
72 2639
72 3395
72 3519
72 3784
72 4347
72 4567
72 106
73 98
73 262
73 1168
73 2513
73 2581
73 2678
73 2953
73 2963
73 3381
73 3404
73 3502
73 4639
73 4658
73 4692
74 540
74 717
74 1389
74 1489
74 3067
74 3471
74 3606
74 4355
74 4722
74 97
75 1465
75 1925
75 2306
75 2328
75 3016
75 3170
75 3301
75 3577
75 4118
75 81
75 103
76 190
76 904
76 1062
76 1320
76 2372
76 2665
76 2749
76 3611
76 3877
76 3937
76 4122
76 4301
76 4470
76 4747
77 248
77 288
77 345
77 671
77 738
77 1471
77 2400
77 3099
77 3217
77 4625
77 4666
77 4715
77 4755
78 572
78 1502
78 2318
78 2406
78 3242
78 3390
78 4239
78 4686
78 245
78 155
78 241
79 634
79 761
79 1097
79 1247
79 1509
79 1957
79 2361
79 2891
79 4158
79 4286
80 355
80 703
80 1249
80 3794
80 3818
80 3863
80 4731
81 538
81 2348
81 2354
81 2569
81 4220
81 4732
81 4798
81 147
81 130
82 366
82 451
82 728
82 730
82 944
82 1352
82 1660
82 2197
82 3109
82 4568
83 319
83 2412
83 2717
83 3047
83 3980
83 4396
83 155
83 173
83 103
83 241
83 96
83 245
83 184
83 120
84 200
84 2526
84 3224
84 3508
84 3570
84 3993
84 4430
84 4651
85 94
85 1376
85 1557
85 1651
85 2522
85 2971
85 4307
85 4790
85 139
85 119
86 566
86 637
86 1016
86 1094
86 2068
86 3119
86 3283
86 4287
86 4362
86 4449
86 4499
87 125
87 232
87 1825
87 2133
87 2405
87 3965
87 4681
88 247
88 688
88 694
88 2176
88 2314
88 2402
88 2435
88 2624
88 2648
88 2824
88 3357
88 3754
88 4112
89 1065
89 1372
89 1385
89 4759
89 136
89 91
89 233
89 98
89 155
89 142
89 239
90 188
90 1506
90 1676
90 3409
90 3721
90 3761
90 3769
90 4179
90 4251
90 4793
91 971
91 1054
91 1337
91 2301
91 2450
91 2549
91 3070
91 3821
91 4149
91 4839
92 391
92 1274
92 1515
92 2930
92 3249
92 3342
92 3798
92 4143
92 4703
93 1516
93 1635
93 2037
93 2657
93 2882
93 3847
93 4815
94 779
94 1378
94 1947
94 2024
94 2030
94 2281
94 2481
94 3029
94 4196
94 4420
94 4452
94 4861
95 555
95 1234
95 2038
95 2969
95 3240
95 3322
96 672
96 1227
96 3612
96 3692
96 4407
96 111
96 126
97 196
97 995
97 1800
97 2043
97 3035
97 103
97 147
98 606
98 981
98 1224
98 1743
98 2752
98 4005
98 4409
98 108
98 240
98 163
99 691
99 1388
99 1763
99 1997
99 2085
99 2111
99 2681
99 3310
99 3727
99 4084
99 4369
99 4526
100 601
100 1585
100 2049
100 2248
100 4785
100 4803
101 3171
101 3462
101 3492
101 155
101 184
101 126
101 103
101 173
101 213
101 104
102 138
102 308
102 646
102 848
102 1050
102 1589
102 1730
102 1784
102 4771
103 2649
103 3021
103 4820
103 120
104 254
104 712
104 959
104 1535
104 2762
104 2926
104 3990
105 1749
105 1804
105 2878
105 3850
105 4316
105 4575
106 1590
106 3057
106 3095
106 3102
106 4017
106 4169
107 741
107 787
107 1048
107 1764
107 2504
107 2790
107 3747
108 499
108 3101
108 3125
108 3645
109 1603
109 3157
109 3438
109 3802
110 260
110 491
110 1026
110 2985
110 4579
111 1444
111 1911
111 3608
111 4823
111 159
111 240
111 163
112 1288
112 1353
112 1398
112 1998
112 2092
112 2332
112 2364
112 2476
112 4190
112 4780
113 258
113 1402
113 1934
113 2207
113 2442
113 2508
113 2777
113 3511
113 3986
113 4841
114 447
114 777
114 854
114 1857
114 3215
114 3293
114 4531
115 118
115 330
115 333
115 368
115 1059
115 2282
115 2884
115 3173
115 4405
116 949
116 2973
116 3521
116 3969
116 4570
116 4664
116 4802
117 650
117 1336
117 1688
117 2430
117 4208
117 154
118 1342
118 2860
119 356
119 718
119 963
119 1194
119 1488
119 1968
119 2017
119 126
120 2810
120 2870
120 2879
120 3347
120 3420
120 3458
120 4131
121 2007
121 2832
121 3440
121 3480
121 4025
121 4371
122 746
122 2032
122 3586
122 3735
123 922
123 1656
123 2026
123 2255
123 2368
123 3201
123 3605
124 578
124 921
124 1076
124 2719
124 170
124 204
125 1014
125 1316
125 2228
125 2363
125 4321
126 1435
126 2404
126 3681
127 523
127 1426
127 2359
127 2663
127 2716
127 3507
128 588
128 917
128 1270
128 2510
128 3477
128 3799
128 4443
129 338
129 1762
129 1948
129 2159
129 2333
129 3081
129 3501
130 1439
130 1880
130 2203
130 2628
130 3709
130 4192
130 4769
131 934
131 2118
131 2280
131 2308
131 3180
131 3263
132 1265
132 2165
132 2759
132 184
132 241
132 204
132 139
132 178
132 177
133 1443
133 2453
133 3122
133 3128
133 3134
133 3485
133 4104
134 373
134 847
134 1878
134 3106
134 4822
134 4842
135 1318
135 1559
135 2031
135 2773
135 3691
135 4038
135 4813
136 2285
136 3044
136 3230
137 582
137 1392
137 2604
137 4016
137 4588
137 4880
137 4890
138 924
138 1955
138 2244
138 3954
138 4275
138 4323
138 4410
138 4818
139 298
139 321
139 695
139 2520
139 3553
139 4821
139 142
140 1597
140 1771
140 1985
140 2857
141 1923
141 3185
141 4121
141 4230
141 4381
141 4665
141 4743
142 257
142 3092
142 3911
142 195
142 145
143 377
143 920
143 1213
143 1405
143 1860
143 1952
143 2411
143 3901
143 4594
143 4767
144 371
144 437
144 3141
144 3461
144 3665
144 4177
145 1703
145 150
145 177
146 1125
146 3311
146 4090
146 4370
147 2636
147 4182
147 4530
147 4648
148 547
148 1979
148 2629
148 3063
148 3484
149 823
149 1118
149 2486
149 2652
149 2951
149 3011
149 3468
149 3490
149 4164
150 1087
150 2607
151 3248
151 4173
151 4305
152 1325
152 1479
152 2098
152 2334
152 3856
152 4416
153 1017
153 1335
153 1798
153 2640
153 3410
153 3454
153 4198
153 4401
154 1868
154 2377
154 2688
154 3374
154 3857
155 4207
155 4238
156 543
156 1229
156 3664
156 3707
156 4619
157 652
157 804
157 1279
157 1905
157 2449
157 2931
158 592
158 3241
158 3517
158 3653
159 253
159 2231
159 3176
160 1803
160 3775
161 453
161 1573
161 2881
161 4027
161 4482
162 713
162 890
162 1082
162 1367
162 3408
163 645
163 4527
163 4728
164 267
164 4365
165 3495
166 335
166 2672
167 4438
168 1482
168 1545
168 1928
168 3505
168 3945
169 1604
169 4891
170 1127
170 4444
171 1236
171 1674
171 1834
171 2174
171 2200
171 4523
172 1061
172 1215
172 3025
172 3486
172 3518
172 4344
172 4608
173 678
173 1323
173 3789
174 1569
174 3211
174 3227
174 3552
175 410
175 2254
175 2327
175 4191
175 4700
176 535
176 2571
176 4204
177 705
177 1907
177 2323
177 3253
178 3284
178 4300
179 1292
179 1779
179 2737
179 4714
180 2547
180 2789
181 549
181 585
181 1900
181 2806
181 2887
181 3504
181 3899
181 4415
182 1756
182 1931
182 2838
182 3669
183 3145
183 3300
183 4533
183 4592
184 2365
184 4245
185 263
185 2065
185 4294
185 4450
185 4636
185 4687
186 3183
186 3540
186 3659
187 1621
187 1754
187 2736
187 4227
187 4566
188 649
188 1334
188 1458
188 2538
188 2713
189 622
189 1496
189 2167
189 2409
189 4026
190 2246
190 4044
191 802
191 1128
191 1196
191 2066
191 3711
191 4091
192 1035
193 1209
193 1448
193 2679
194 800
194 4117
195 375
196 1769
196 2360
196 2564
196 3958
197 743
197 1624
198 3116
199 372
199 488
199 2346
199 2702
199 2797
199 4085
200 4184
201 1099
201 1117
201 1287
201 1813
201 2524
201 2748
201 3819
201 4157
202 1750
202 2121
202 2518
202 2618
202 2635
203 448
203 2403
204 4637
205 363
205 1293
205 2000
205 2150
206 4773
207 4071
208 1988
208 3020
208 3160
208 4066
209 1485
209 3860
209 4186
210 1176
210 1205
210 1936
210 3189
210 3756
211 328
211 2010
211 3244
211 4054
212 1607
212 1739
212 4116
213 1280
213 2227
213 2835
213 3670
214 457
214 4463
215 2816
218 1462
218 2919
218 3448
218 3751
218 3894
219 432
219 990
219 2070
220 1494
220 2474
220 4508
221 2479
221 2795
221 2960
221 3291
221 3696
222 1531
222 2489
223 2220
223 3373
223 3722
223 3890
223 4382
224 1333
224 1633
224 3007
224 3912
225 630
225 1827
225 2723
226 2993
227 864
227 1255
227 1824
227 3048
228 3923
229 778
229 1051
229 1983
229 2056
229 2677
229 3175
229 3313
230 2219
231 625
231 1289
231 1538
231 2438
231 2910
231 4134
231 4432
232 1700
232 1973
233 4447
235 1393
235 3153
235 4035
236 1384
236 2198
236 2335
236 3824
237 1729
237 1780
237 3379
237 3961
239 1629
239 2623
239 4080
240 3815
241 849
241 1237
242 1965
242 2180
242 3841
243 3783
244 845
244 926
244 2116
244 2291
244 3618
245 4493
